9.063000
11.446000
9.071000
9.698000
8.824000
8.585000
8.379000
6.951000
8.767000
9.228000
7.970000
8.298000
7.799000
9.414000
8.171000
7.620000
8.018000
8.473000
9.568000
7.714000
7.934000
8.457000
6.828000
8.900000
9.046000
9.563000
9.572000
9.719000
9.634000
8.673000
8.032000
8.205000
7.598000
9.202000
8.399000
7.978000
7.734000
8.861000
7.899000
7.751000
7.975000
8.426000
9.364000
8.776000
8.161000
8.350000
7.659000
8.245000
9.383000
8.496000
7.980000
8.604000
8.631000
12.385000
9.615000
8.561000
8.458000
9.125000
8.214000
9.248000
8.442000
7.872000
8.093000
8.117000
8.135000
8.264000
8.130000
8.186000
9.184000
7.614000
8.184000
9.217000
9.044000
7.583000
8.307000
8.556000
9.033000
9.095000
8.855000
8.485000
8.997000
8.549000
10.356000
9.378000
9.597000
8.464000
8.797000
9.684000
10.958000
9.460000
9.671000
8.347000
9.220000
7.949000
7.996000
9.004000
10.185000
8.722000
9.571000
10.044000
10.666000
9.818000
10.814000
10.742000
10.406000
13.362000
10.146000
10.879000
12.764000
11.310000
10.346000
10.508000
10.211000
10.463000
13.014000
11.896000
12.929000
10.307000
10.600000
13.116000
10.570000
9.521000
10.447000
12.456000
9.624000
10.230000
9.988000
10.601000
14.104000
11.600000
11.253000
13.905000
10.917000
10.804000
12.461000
9.464000
9.228000
11.285000
9.710000
10.423000
8.943000
9.606000
10.293000
9.645000
9.395000
9.137000
10.179000
9.520000
8.501000
8.623000
8.178000
14.393000
14.979000
13.992000
13.549000
13.699000
7.455000
9.230000
7.519000
9.555000
7.882000
8.846000
8.907000
7.309000
9.051000
9.749000
9.043000
9.269000
7.156000
9.803000
9.011000
10.699000
9.363000
10.155000
12.237000
9.297000
9.137000
9.634000
9.454000
10.449000
7.749000
9.784000
8.940000
7.949000
8.331000
7.923000
8.823000
7.932000
8.615000
9.400000
8.098000
9.151000
8.803000
8.120000
8.532000
9.795000
9.575000
10.361000
9.020000
8.829000
8.961000
10.530000
10.536000
10.445000
9.440000
9.464000
10.061000
9.590000
10.396000
8.296000
8.939000
9.191000
10.513000
12.098000
10.222000
9.009000
9.494000
11.918000
10.451000
9.617000
10.980000
11.679000
10.238000
8.613000
8.408000
9.503000
10.383000
9.417000
8.893000
8.830000
8.922000
9.387000
9.944000
8.027000
8.656000
10.447000
9.626000
9.898000
8.321000
9.011000
9.682000
10.435000
9.926000
9.456000
10.830000
9.284000
9.954000
9.795000
8.830000
9.565000
9.706000
9.921000
10.562000
8.603000
11.282000
9.991000
11.001000
8.723000
9.481000
10.468000
10.973000
10.137000
9.366000
9.009000
9.664000
9.430000
8.708000
9.558000
7.502000
8.171000
8.147000
8.792000
8.670000
9.319000
8.728000
10.427000
8.335000
9.042000
9.217000
8.749000
10.032000
11.430000
9.096000
10.885000
11.820000
9.814000
10.097000
12.018000
14.294000
13.731000
14.185000
11.325000
12.330000
11.998000
13.940000
14.311000
12.833000
13.918000
11.997000
11.266000
13.935000
12.610000
14.195000
14.461000
12.870000
13.411000
13.643000
11.520000
11.717000
13.138000
13.429000
15.532000
14.539000
14.455000
12.403000
13.874000
10.530000
10.364000
11.763000
12.126000
12.244000
12.343000
12.032000
12.365000
11.701000
11.022000
11.712000
12.089000
11.760000
12.778000
11.339000
11.201000
12.400000
11.274000
12.572000
13.426000
12.936000
11.914000
12.410000
14.594000
13.435000
12.190000
11.270000
12.845000
11.833000
12.971000
13.418000
13.553000
13.817000
12.508000
13.057000
11.537000
10.796000
9.632000
11.506000
11.363000
13.080000
12.939000
11.559000
12.137000
11.814000
10.393000
9.714000
11.894000
11.617000
11.392000
11.589000
11.211000
13.382000
12.343000
11.346000
10.551000
12.328000
11.716000
12.843000
11.698000
13.089000
11.502000
10.461000
10.295000
9.758000
11.396000
11.292000
12.817000
11.380000
11.827000
11.777000
10.544000
9.717000
10.610000
10.687000
11.145000
12.093000
12.296000
12.744000
12.104000
9.750000
10.389000
10.670000
11.395000
11.882000
11.855000
11.744000
12.368000
10.070000
9.967000
9.799000
9.854000
10.037000
10.703000
10.124000
9.819000
10.086000
9.746000
8.564000
10.297000
10.504000
10.408000
10.376000
11.923000
10.685000
10.305000
9.099000
9.919000
11.112000
10.808000
10.252000
10.651000
11.315000
10.830000
10.627000
10.812000
10.898000
10.148000
13.299000
12.658000
12.635000
11.151000
9.977000
9.904000
9.090000
15.172000
16.105000
16.771000
10.532000
10.528000
9.884000
10.839000
9.161000
9.613000
9.383000
9.612000
11.373000
11.444000
11.403000
10.173000
10.233000
10.595000
9.347000
9.240000
9.476000
10.184000
9.670000
10.253000
10.480000
9.988000
12.286000
10.465000
9.850000
10.535000
8.830000
9.500000
10.481000
11.694000
11.091000
12.470000
11.806000
11.567000
10.252000
9.494000
11.295000
11.024000
12.027000
11.224000
10.818000
10.747000
10.192000
9.691000
10.158000
10.497000
10.377000
9.777000
11.346000
9.844000
9.243000
9.330000
10.360000
10.053000
10.550000
10.742000
10.978000
9.896000
9.534000
9.390000
10.488000
9.994000
10.636000
11.524000
10.916000
10.480000
11.304000
10.622000
11.650000
12.725000
12.899000
12.740000
12.692000
12.819000
11.615000
10.620000
11.292000
10.125000
11.522000
14.082000
13.373000
13.834000
13.298000
14.040000
12.526000
12.026000
10.132000
9.335000
11.945000
11.738000
11.132000
11.847000
11.154000
11.329000
12.142000
11.272000
10.849000
10.342000
10.974000
12.072000
11.503000
10.966000
13.460000
12.312000
10.686000
10.391000
10.489000
9.405000
10.381000
10.864000
12.310000
11.871000
12.190000
11.310000
12.173000
11.305000
9.650000
10.894000
13.108000
12.563000
13.008000
13.059000
12.152000
12.644000
11.373000
12.916000
13.146000
12.659000
14.099000
