5.953000
6.613000
6.382000
4.884000
4.736000
4.833000
5.022000
4.825000
4.436000
4.391000
4.275000
4.352000
4.911000
4.377000
4.367000
4.232000
4.176000
5.768000
4.393000
4.264000
4.636000
4.173000
4.147000
4.245000
4.501000
4.568000
4.306000
4.938000
4.649000
4.297000
4.561000
4.364000
4.431000
5.374000
5.368000
4.865000
4.549000
4.555000
4.886000
5.028000
5.246000
4.562000
4.576000
4.666000
4.368000
4.831000
5.557000
4.285000
4.582000
4.372000
4.430000
5.384000
4.768000
4.559000
4.637000
4.565000
4.556000
5.510000
5.052000
4.563000
4.622000
4.184000
4.679000
4.521000
4.471000
4.449000
4.312000
4.539000
4.548000
4.562000
4.795000
4.335000
4.362000
5.208000
4.377000
4.569000
4.302000
4.412000
4.138000
4.628000
4.367000
4.196000
4.690000
4.994000
5.463000
5.333000
4.310000
4.948000
4.561000
4.194000
4.202000
4.953000
5.350000
4.246000
4.853000
5.202000
5.592000
4.543000
5.179000
5.003000
5.894000
5.713000
4.959000
5.412000
4.958000
5.823000
4.840000
6.086000
5.820000
4.747000
4.633000
5.785000
4.629000
4.590000
4.720000
4.903000
5.030000
5.003000
4.780000
4.731000
5.057000
5.276000
4.769000
5.301000
5.220000
4.537000
4.727000
5.015000
5.213000
4.808000
4.923000
5.288000
4.998000
4.817000
4.938000
4.667000
4.824000
4.898000
5.076000
5.005000
5.466000
4.801000
5.187000
4.956000
5.103000
4.831000
4.881000
5.236000
4.786000
5.166000
5.301000
4.724000
4.752000
4.828000
4.787000
4.862000
4.579000
5.282000
4.840000
5.787000
4.623000
4.491000
4.598000
4.962000
4.330000
4.551000
5.043000
5.443000
4.591000
4.569000
4.445000
4.431000
4.311000
4.295000
4.390000
4.287000
4.716000
4.786000
4.275000
4.128000
4.413000
4.377000
4.217000
4.169000
4.538000
4.879000
4.126000
4.153000
4.227000
4.403000
4.199000
4.081000
4.167000
4.129000
5.547000
4.426000
4.238000
4.093000
4.206000
4.200000
4.745000
5.568000
5.126000
4.184000
4.143000
4.353000
4.167000
4.108000
4.257000
4.681000
5.300000
4.851000
4.147000
4.226000
4.422000
4.468000
4.237000
4.841000
4.642000
4.221000
4.116000
4.187000
4.162000
4.136000
4.780000
4.861000
4.270000
4.120000
4.312000
4.218000
4.202000
4.301000
4.722000
4.676000
4.090000
4.217000
4.404000
4.163000
4.086000
4.455000
5.417000
4.683000
4.181000
4.189000
4.415000
4.300000
4.108000
4.563000
4.863000
4.151000
4.191000
4.127000
4.232000
4.262000
4.097000
4.810000
4.812000
4.210000
4.207000
4.124000
4.357000
4.140000
4.151000
5.230000
4.692000
4.202000
4.198000
4.311000
4.128000
4.172000
4.377000
4.803000
4.566000
4.195000
4.191000
4.388000
4.163000
4.259000
4.614000
4.819000
4.647000
4.129000
4.139000
4.407000
4.110000
4.143000
4.198000
4.740000
4.193000
4.179000
4.321000
4.192000
4.171000
4.170000
4.888000
4.825000
4.198000
4.073000
4.424000
4.098000
4.192000
4.288000
4.141000
4.118000
4.168000
4.144000
4.265000
4.769000
4.396000
4.185000
4.161000
4.345000
4.363000
4.482000
4.881000
4.706000
4.551000
4.192000
4.699000
4.567000
4.285000
4.490000
4.726000
4.276000
4.279000
4.971000
4.422000
4.305000
4.958000
4.565000
4.279000
4.429000
4.592000
4.586000
4.289000
4.491000
4.745000
4.931000
5.019000
4.822000
5.397000
5.794000
6.033000
6.055000
6.124000
5.889000
6.235000
5.205000
4.988000
4.720000
5.788000
6.201000
6.333000
6.685000
6.148000
5.982000
5.889000
6.083000
6.104000
6.273000
6.058000
6.187000
5.954000
5.954000
6.098000
6.186000
6.194000
6.046000
5.778000
6.267000
6.230000
5.987000
5.841000
6.336000
5.964000
6.062000
6.382000
5.814000
5.556000
6.136000
6.088000
5.826000
5.909000
5.680000
5.738000
5.468000
5.487000
5.521000
5.544000
5.724000
5.802000
5.777000
5.671000
5.840000
4.972000
4.465000
4.989000
5.505000
6.039000
5.568000
5.547000
5.645000
5.678000
5.605000
4.854000
4.424000
4.888000
5.603000
5.638000
5.674000
5.897000
5.588000
5.689000
5.460000
5.356000
5.402000
5.390000
6.757000
5.493000
5.616000
5.672000
6.927000
5.445000
5.329000
5.518000
5.696000
7.054000
5.550000
5.791000
6.028000
6.055000
5.468000
5.655000
5.780000
6.086000
5.379000
5.733000
6.511000
6.078000
5.365000
5.388000
5.417000
6.728000
5.644000
5.466000
5.504000
6.904000
5.375000
5.421000
5.393000
6.780000
6.073000
5.570000
5.589000
6.500000
6.047000
5.460000
4.876000
5.042000
6.293000
6.381000
5.267000
5.196000
5.109000
5.184000
6.101000
6.267000
4.590000
4.866000
5.328000
5.276000
5.773000
5.687000
5.223000
5.291000
5.323000
5.180000
4.796000
5.351000
5.183000
5.339000
5.238000
5.389000
5.534000
5.494000
5.269000
5.386000
5.175000
5.719000
5.527000
5.622000
5.164000
5.444000
5.398000
5.207000
5.246000
5.332000
5.169000
5.227000
5.872000
5.613000
5.258000
5.169000
5.572000
5.445000
5.676000
5.226000
5.204000
5.523000
5.973000
5.302000
5.207000
5.223000
5.907000
5.920000
5.460000
4.728000
4.859000
5.054000
5.822000
5.348000
5.520000
5.311000
6.183000
5.368000
4.674000
4.279000
4.314000
4.773000
4.667000
4.622000
4.569000
4.533000
4.523000
5.266000
5.139000
4.399000
4.730000
5.244000
5.295000
5.725000
6.075000
5.163000
5.712000
5.729000
5.948000
4.785000
4.460000
4.645000
4.422000
4.273000
5.329000
5.481000
4.406000
4.416000
4.573000
4.421000
4.428000
4.987000
5.098000
4.685000
4.635000
4.535000
4.665000
4.516000
4.861000
5.171000
4.653000
4.540000
4.674000
4.508000
4.969000
5.243000
