12.958000
10.412000
9.363000
9.873000
9.755000
10.149000
10.257000
9.298000
10.288000
8.938000
9.508000
9.259000
8.635000
9.500000
8.932000
9.083000
9.153000
8.765000
10.231000
8.881000
9.906000
8.893000
8.621000
10.010000
10.071000
10.563000
9.115000
9.450000
10.721000
10.208000
10.265000
10.529000
9.636000
10.618000
10.995000
11.307000
10.539000
10.871000
10.467000
9.796000
11.114000
9.955000
10.986000
10.576000
10.221000
10.168000
10.295000
10.897000
10.547000
11.240000
10.241000
10.509000
11.861000
10.541000
10.319000
10.671000
10.448000
11.123000
11.164000
10.595000
9.775000
10.361000
11.037000
11.054000
10.563000
10.026000
9.918000
10.449000
11.528000
12.285000
12.631000
12.101000
12.159000
11.797000
12.036000
12.615000
12.774000
12.363000
12.550000
13.687000
10.936000
10.885000
11.606000
13.165000
12.648000
11.881000
11.886000
11.415000
10.883000
11.201000
12.477000
11.339000
11.731000
10.657000
11.586000
12.323000
11.096000
11.285000
12.749000
13.149000
14.063000
12.831000
12.165000
13.686000
13.578000
13.703000
13.841000
13.589000
12.023000
13.218000
11.796000
14.045000
12.091000
11.429000
12.491000
13.889000
13.206000
13.493000
13.405000
12.573000
11.983000
12.151000
13.109000
11.537000
10.686000
11.342000
11.815000
12.880000
14.918000
15.866000
14.974000
13.481000
12.943000
13.542000
11.592000
13.500000
12.727000
12.682000
12.683000
12.670000
11.996000
11.298000
12.180000
12.999000
13.034000
13.552000
12.466000
12.738000
11.745000
12.053000
11.273000
12.239000
12.108000
12.341000
13.710000
12.112000
11.588000
11.401000
10.064000
10.136000
10.942000
11.262000
10.715000
10.294000
10.506000
11.041000
11.418000
11.092000
10.604000
11.910000
11.491000
13.143000
12.524000
12.104000
11.954000
11.221000
11.846000
11.690000
11.704000
12.143000
10.917000
12.183000
10.697000
11.322000
10.930000
11.546000
11.213000
12.408000
11.243000
11.405000
10.742000
10.105000
10.984000
11.179000
11.323000
11.778000
11.297000
11.746000
12.630000
12.340000
12.540000
11.513000
12.679000
12.754000
12.020000
12.215000
11.867000
10.958000
11.104000
10.976000
10.165000
10.509000
12.092000
12.530000
12.860000
14.886000
13.988000
13.297000
12.409000
12.197000
11.688000
11.703000
14.209000
12.895000
11.493000
12.087000
12.389000
13.326000
13.877000
13.191000
11.901000
12.402000
11.831000
11.297000
11.828000
11.452000
11.185000
10.881000
10.998000
10.155000
10.643000
10.932000
10.515000
11.567000
12.196000
11.100000
11.380000
11.059000
11.225000
10.740000
9.872000
10.108000
9.079000
9.693000
10.113000
10.085000
9.836000
9.810000
9.462000
10.176000
9.691000
9.129000
10.079000
9.429000
9.895000
10.501000
9.413000
9.757000
9.687000
10.451000
8.510000
9.730000
10.338000
9.947000
10.275000
10.889000
11.410000
11.115000
10.294000
10.834000
9.690000
8.518000
9.328000
10.368000
11.053000
10.758000
10.179000
11.276000
11.302000
9.970000
11.332000
11.770000
10.855000
11.089000
12.928000
15.439000
12.790000
12.672000
12.626000
12.539000
12.968000
12.881000
12.754000
11.991000
13.204000
12.669000
14.091000
12.817000
13.692000
13.723000
14.444000
13.277000
13.526000
13.562000
12.567000
12.048000
12.369000
11.562000
12.083000
12.978000
12.713000
12.304000
12.855000
11.683000
12.259000
11.599000
12.615000
11.889000
12.381000
11.301000
11.397000
12.639000
12.658000
11.706000
12.223000
11.997000
12.706000
12.699000
12.568000
14.162000
12.731000
14.086000
14.153000
13.582000
13.827000
13.881000
13.343000
14.378000
13.565000
13.200000
13.245000
13.624000
13.159000
12.142000
11.485000
12.043000
12.611000
12.878000
12.774000
12.277000
12.670000
12.875000
11.841000
13.138000
13.697000
14.968000
15.829000
15.421000
16.107000
16.252000
14.943000
15.261000
15.347000
14.573000
14.368000
14.314000
14.522000
14.143000
14.306000
14.513000
14.395000
14.871000
14.540000
13.678000
13.945000
14.449000
13.973000
14.799000
14.270000
13.819000
14.771000
14.386000
14.028000
14.746000
14.406000
14.291000
14.578000
13.900000
13.883000
14.583000
13.900000
13.937000
14.376000
14.338000
13.675000
14.030000
13.813000
14.029000
14.057000
14.204000
13.883000
13.635000
13.820000
13.777000
13.591000
14.211000
14.296000
13.713000
13.486000
14.589000
14.260000
14.128000
14.289000
13.754000
13.409000
13.628000
14.296000
13.980000
14.344000
14.577000
14.695000
13.521000
13.763000
13.156000
13.916000
13.913000
13.476000
13.247000
13.080000
13.642000
13.373000
13.383000
13.786000
14.286000
13.904000
13.048000
12.956000
13.057000
13.456000
12.514000
12.860000
13.008000
12.926000
13.351000
13.775000
13.480000
12.873000
12.673000
12.298000
12.206000
12.379000
12.932000
12.786000
12.699000
12.099000
11.941000
12.739000
12.630000
12.395000
12.288000
12.043000
13.203000
12.873000
12.217000
12.378000
12.029000
12.219000
12.118000
12.389000
12.747000
12.575000
12.613000
12.093000
12.286000
12.678000
13.031000
12.392000
12.233000
12.204000
12.279000
12.044000
12.463000
12.736000
12.522000
12.522000
12.748000
12.217000
12.280000
12.936000
12.544000
12.424000
11.731000
11.859000
12.610000
12.393000
12.352000
12.637000
12.413000
12.507000
12.398000
11.732000
12.488000
13.052000
13.202000
12.632000
12.255000
12.984000
12.979000
12.771000
12.768000
12.979000
13.175000
13.176000
13.863000
14.000000
13.814000
13.350000
13.696000
13.549000
13.422000
13.145000
13.415000
14.158000
12.870000
12.303000
11.895000
12.414000
12.409000
13.183000
12.568000
11.908000
12.933000
12.955000
13.193000
12.487000
11.931000
12.899000
13.813000
13.505000
13.442000
12.172000
10.953000
10.547000
11.096000
13.062000
13.397000
12.982000
13.273000
13.269000
13.475000
12.940000
13.098000
13.203000
15.081000
15.204000
14.393000
13.778000
12.606000
10.962000
10.911000
11.066000
10.657000
11.098000
