7.453000
5.888000
5.965000
5.948000
5.052000
6.683000
6.153000
5.486000
6.275000
4.685000
7.437000
5.523000
4.391000
6.471000
5.423000
4.319000
6.681000
5.445000
4.555000
5.735000
8.418000
6.775000
4.822000
7.004000
7.728000
6.581000
4.905000
7.295000
6.596000
6.465000
4.487000
6.258000
6.227000
6.219000
4.778000
5.907000
6.646000
8.640000
3.961000
6.326000
6.819000
5.626000
4.777000
6.166000
5.545000
7.054000
5.640000
5.656000
5.909000
5.710000
6.588000
6.287000
5.562000
5.509000
5.688000
4.669000
7.245000
7.371000
6.184000
5.611000
6.551000
6.058000
7.243000
6.808000
5.720000
4.210000
7.618000
5.761000
6.537000
5.105000
6.621000
6.757000
6.155000
4.629000
7.606000
7.101000
5.638000
4.929000
7.131000
7.798000
6.862000
5.591000
6.990000
7.087000
6.303000
4.862000
7.665000
6.390000
5.506000
4.646000
5.994000
5.990000
6.340000
4.376000
5.404000
10.084000
5.376000
5.497000
6.304000
7.025000
6.324000
6.868000
5.553000
9.046000
7.353000
7.004000
5.522000
6.578000
7.681000
6.375000
5.567000
7.255000
9.123000
6.435000
8.746000
5.262000
6.732000
8.988000
6.935000
7.286000
6.092000
7.461000
4.694000
6.068000
6.214000
6.662000
9.494000
6.763000
5.508000
8.770000
5.971000
5.945000
10.078000
6.337000
5.752000
4.975000
6.290000
5.624000
6.846000
6.704000
4.183000
5.542000
6.553000
6.436000
6.079000
5.921000
6.122000
6.491000
6.512000
6.340000
7.053000
10.501000
10.110000
9.419000
9.620000
7.418000
4.669000
10.870000
3.775000
5.449000
7.136000
7.694000
12.053000
4.240000
7.623000
6.905000
4.193000
5.214000
9.628000
6.125000
4.415000
7.502000
7.008000
6.510000
6.259000
4.340000
6.975000
8.044000
6.622000
7.121000
4.457000
5.973000
7.343000
6.341000
6.269000
4.279000
6.813000
7.461000
6.268000
4.357000
6.658000
7.396000
5.896000
4.601000
8.434000
8.635000
8.081000
6.144000
6.946000
5.308000
6.612000
7.552000
6.875000
7.053000
6.558000
4.983000
6.823000
8.418000
5.742000
5.386000
6.969000
8.916000
7.841000
6.862000
4.828000
8.206000
7.140000
6.737000
5.601000
7.650000
7.145000
6.851000
5.267000
6.785000
6.167000
6.566000
6.452000
4.462000
6.084000
8.516000
6.287000
5.683000
4.624000
5.464000
8.030000
7.036000
6.788000
5.121000
7.046000
9.090000
7.645000
7.845000
5.734000
7.282000
8.022000
9.094000
7.523000
5.114000
7.701000
8.966000
7.638000
7.024000
4.699000
8.145000
8.943000
7.936000
6.267000
5.002000
9.342000
7.919000
7.542000
6.721000
5.453000
7.417000
7.338000
7.563000
7.077000
6.568000
7.022000
6.475000
4.337000
7.529000
7.808000
8.322000
6.252000
6.155000
6.098000
7.020000
5.476000
6.640000
8.545000
6.687000
9.430000
7.446000
4.631000
7.057000
9.043000
11.967000
10.276000
9.606000
6.482000
8.774000
9.331000
9.424000
10.271000
9.505000
9.888000
7.731000
6.253000
8.917000
9.444000
9.459000
9.794000
8.544000
9.668000
7.941000
7.463000
5.101000
8.616000
8.739000
9.049000
8.909000
10.633000
7.540000
8.015000
6.147000
4.956000
7.594000
8.566000
8.170000
9.224000
9.340000
9.251000
5.339000
8.843000
8.243000
9.149000
9.165000
8.652000
5.104000
8.741000
7.936000
9.642000
7.474000
8.020000
10.425000
9.307000
8.679000
9.766000
9.619000
7.126000
5.416000
8.446000
9.447000
7.693000
9.200000
8.012000
8.945000
8.140000
8.364000
9.208000
6.920000
5.402000
7.782000
7.879000
7.400000
9.341000
7.637000
7.905000
7.866000
6.060000
5.505000
7.631000
8.733000
7.440000
7.478000
7.277000
7.326000
9.309000
7.487000
4.942000
7.450000
7.800000
8.165000
7.887000
8.430000
7.974000
6.836000
6.171000
5.721000
7.931000
9.779000
8.870000
9.966000
7.737000
9.471000
7.606000
8.671000
4.557000
7.649000
8.557000
8.500000
7.641000
9.015000
7.333000
7.921000
5.435000
7.418000
7.866000
8.508000
7.646000
8.620000
8.671000
7.362000
6.649000
4.456000
7.209000
9.132000
6.727000
7.473000
7.309000
6.989000
6.673000
5.632000
7.057000
7.258000
8.640000
6.737000
9.946000
8.764000
5.992000
5.484000
8.726000
7.241000
7.218000
7.203000
7.389000
7.941000
7.015000
4.414000
7.814000
7.038000
7.325000
7.877000
9.463000
6.847000
7.925000
7.155000
6.325000
5.576000
10.775000
11.429000
12.123000
7.430000
7.199000
7.950000
6.459000
8.164000
4.563000
6.854000
8.434000
7.288000
7.836000
7.351000
8.098000
8.453000
7.235000
6.366000
7.515000
4.855000
7.511000
8.036000
7.304000
7.601000
8.884000
8.364000
7.763000
9.032000
7.139000
5.105000
9.614000
7.643000
8.911000
11.007000
10.323000
11.542000
9.825000
8.277000
6.574000
8.860000
8.577000
10.438000
9.034000
11.412000
8.017000
7.850000
5.445000
9.083000
9.229000
8.916000
9.425000
8.615000
8.131000
7.692000
5.928000
7.795000
8.492000
8.661000
8.424000
8.305000
7.168000
8.176000
5.619000
8.161000
7.375000
9.335000
8.522000
8.335000
10.700000
8.457000
6.100000
9.762000
9.913000
11.072000
10.776000
9.886000
9.775000
8.870000
7.675000
7.154000
7.483000
6.960000
9.425000
9.980000
10.134000
9.407000
10.064000
11.784000
8.709000
7.287000
8.670000
6.863000
8.738000
10.890000
9.013000
8.926000
8.510000
9.663000
9.503000
7.333000
5.818000
9.476000
9.383000
8.364000
9.004000
10.285000
8.964000
9.074000
7.018000
7.885000
7.214000
6.835000
8.822000
8.812000
10.259000
8.917000
9.764000
7.618000
7.370000
6.289000
7.706000
9.096000
10.152000
8.415000
8.554000
9.337000
8.517000
9.502000
8.012000
9.127000
11.179000
10.140000
