946.010000
946.010000
1338.010000
1270.010000
1178.010000
1283.010000
1239.010000
1239.010000
1373.010000
1333.010000
1333.010000
1333.010000
1357.010000
1310.010000
1310.010000
1603.010000
1584.010000
1538.010000
1615.010000
1593.010000
1528.010000
1528.010000
1500.010000
1500.010000
1460.010000
1715.010000
1699.010000
1646.010000
1858.010000
1846.010000
1805.010000
1805.010000
1855.010000
1841.010000
1800.010000
2059.010000
2034.010000
2034.010000
1970.010000
2003.010000
1990.010000
1963.010000
2338.010000
2325.010000
2266.010000
2266.010000
2266.010000
2266.010000
2266.010000
2266.010000
2266.010000
2266.010000
2266.010000
2266.010000
2266.010000
2132.010000
2123.010000
2095.010000
2095.010000
2095.010000
2095.010000
2095.010000
2095.010000
2095.010000
2080.010000
2080.010000
2267.010000
2243.010000
2206.010000
2206.010000
2206.010000
2206.010000
2206.010000
2304.010000
2297.010000
2270.010000
2270.010000
2285.010000
2285.010000
2285.010000
2324.010000
2302.010000
2302.010000
2275.010000
2275.010000
2376.010000
2365.010000
2346.010000
2082.010000
2539.010000
2528.010000
2528.010000
2503.010000
2549.010000
2533.010000
2533.010000
2501.010000
2599.010000
2319.010000
2319.010000
2544.010000
2616.010000
2175.010000
2594.010000
2147.010000
2325.010000
2313.010000
2285.010000
2285.010000
2392.010000
2392.010000
2368.010000
2792.010000
2832.010000
2817.010000
2817.010000
2817.010000
2790.010000
2879.010000
2855.010000
2855.010000
2855.010000
2855.010000
2844.010000
3011.010000
2998.010000
2998.010000
2998.010000
2971.010000
3045.010000
3036.010000
3036.010000
3036.010000
3032.010000
2605.010000
3199.010000
3193.010000
3193.010000
3193.010000
3193.010000
3193.010000
3617.010000
3278.010000
3272.010000
3272.010000
3272.010000
3025.010000
3272.010000
2908.010000
2984.010000
2893.010000
2831.010000
3209.010000
3180.010000
2784.010000
2963.010000
2963.010000
2018.010000
2577.010000
2629.010000
2674.010000
3303.010000
2685.010000
2903.010000
1882.010000
1910.010000
2408.010000
1485.010000
1485.010000
1485.010000
1485.010000
1485.010000
1485.010000
1485.010000
1485.010000
1485.010000
1485.010000
1485.010000
1485.010000
1485.010000
1485.010000
1485.010000
1485.010000
1485.010000
1485.010000
1485.010000
1485.010000
1485.010000
1485.010000
1485.010000
1485.010000
1485.010000
1485.010000
1485.010000
1485.010000
1485.010000
1485.010000
1485.010000
1485.010000
1485.010000
1485.010000
1485.010000
1485.010000
1485.010000
1485.010000
1485.010000
1485.010000
1485.010000
1485.010000
1485.010000
1485.010000
1485.010000
1485.010000
1485.010000
1485.010000
1485.010000
1485.010000
1485.010000
1485.010000
1485.010000
1485.010000
1485.010000
1485.010000
1485.010000
1485.010000
1485.010000
1485.010000
1485.010000
1485.010000
1485.010000
1485.010000
1485.010000
1485.010000
1485.010000
1485.010000
1485.010000
1485.010000
1485.010000
1485.010000
1485.010000
1485.010000
1485.010000
1485.010000
1485.010000
1485.010000
1485.010000
1485.010000
1485.010000
1485.010000
1485.010000
1485.010000
1485.010000
1485.010000
1485.010000
1485.010000
1485.010000
1485.010000
1485.010000
1485.010000
1485.010000
1485.010000
1485.010000
1485.010000
1485.010000
1485.010000
1485.010000
1485.010000
1485.010000
1485.010000
1485.010000
1485.010000
1485.010000
1485.010000
1485.010000
1485.010000
1485.010000
1485.010000
1485.010000
1485.010000
1485.010000
1485.010000
1485.010000
1485.010000
1485.010000
1485.010000
1485.010000
1485.010000
1485.010000
1485.010000
1485.010000
1485.010000
1485.010000
1485.010000
1485.010000
1485.010000
1485.010000
1485.010000
1485.010000
1485.010000
1485.010000
1485.010000
1485.010000
1485.010000
1485.010000
3217.010000
3217.010000
3217.010000
3217.010000
3217.010000
3618.010000
3060.010000
3618.010000
3618.010000
3618.010000
3618.010000
3618.010000
3618.010000
3217.010000
3217.010000
3618.010000
3618.010000
3287.010000
3217.010000
3618.010000
3618.010000
3618.010000
3618.010000
3618.010000
3217.010000
3618.010000
3618.010000
3618.010000
3618.010000
3581.010000
3363.010000
3287.010000
3287.010000
3603.010000
3603.010000
3217.010000
2748.010000
2884.010000
3124.010000
2884.010000
3059.010000
3056.010000
3056.010000
3056.010000
3056.010000
3138.010000
2950.010000
2804.010000
3205.010000
3205.010000
3195.010000
3240.010000
3231.010000
3231.010000
3231.010000
3231.010000
3231.010000
3205.010000
3138.010000
3131.010000
3131.010000
3131.010000
3131.010000
3112.010000
3103.010000
3120.010000
3105.010000
3105.010000
3105.010000
2854.010000
3097.010000
3105.010000
3088.010000
3173.010000
3160.010000
3152.010000
3152.010000
3152.010000
3152.010000
3152.010000
3140.010000
3236.010000
3224.010000
3224.010000
3216.010000
3224.010000
3224.010000
3224.010000
3193.010000
3185.010000
3185.010000
3264.010000
3254.010000
3254.010000
3254.010000
3254.010000
3254.010000
3254.010000
3234.010000
3234.010000
3234.010000
3325.010000
3311.010000
3311.010000
3319.010000
3319.010000
3311.010000
3311.010000
3290.010000
3377.010000
3355.010000
3364.010000
3372.010000
3372.010000
3364.010000
3364.010000
3340.010000
3388.010000
3371.010000
3369.010000
3363.010000
3330.010000
3363.010000
3363.010000
3350.010000
3440.010000
3396.010000
3396.010000
3396.010000
3393.010000
3393.010000
3393.010000
3393.010000
3378.010000
3383.010000
3365.010000
3365.010000
3365.010000
3357.010000
3365.010000
3354.010000
3365.010000
3336.010000
3378.010000
3349.010000
3349.010000
3365.010000
3365.010000
3365.010000
3365.010000
3365.010000
3353.010000
3353.010000
3447.010000
3432.010000
3432.010000
3435.010000
3442.010000
3442.010000
3442.010000
3435.010000
3421.010000
3421.010000
3591.010000
3570.010000
3573.010000
3573.010000
3573.010000
3570.010000
3570.010000
3570.010000
3562.010000
3538.010000
3749.010000
3756.010000
3756.010000
3732.010000
3732.010000
3732.010000
3732.010000
3366.010000
3260.010000
3372.010000
3357.010000
3357.010000
3357.010000
3357.010000
3357.010000
3337.010000
3380.010000
3355.010000
3355.010000
3355.010000
3355.010000
3355.010000
3314.010000
3395.010000
3370.010000
3370.010000
3370.010000
3370.010000
3370.010000
3346.010000
3427.010000
3405.010000
3405.010000
3405.010000
3561.010000
3579.010000
3434.010000
3409.010000
3554.010000
3518.010000
3492.010000
3355.010000
3368.010000
3520.010000
3747.010000
3520.010000
3496.010000
3496.010000
3496.010000
3486.010000
3331.010000
3344.010000
3723.010000
3720.010000
3341.010000
3496.010000
3493.010000
3341.010000
3341.010000
3389.010000
3362.010000
3362.010000
3343.010000
3343.010000
3372.010000
3372.010000
3346.010000
3346.010000
3346.010000
3356.010000
3511.010000
3508.010000
3508.010000
3501.010000
3501.010000
3501.010000
3511.010000
3735.010000
3735.010000
3738.010000
3746.010000
3519.010000
3738.010000
3738.010000
3511.010000
3738.010000
3746.010000
3738.010000
3738.010000
3746.010000
3746.010000
3746.010000
3746.010000
3738.010000
3738.010000
