7.521000
6.802000
7.155000
4.600000
6.332000
6.073000
5.123000
5.602000
5.548000
5.878000
5.482000
5.997000
6.120000
6.794000
6.177000
7.447000
8.665000
6.575000
6.020000
8.152000
6.041000
7.367000
6.809000
7.414000
7.168000
6.654000
6.102000
7.506000
6.981000
5.265000
5.205000
6.237000
6.715000
6.476000
6.073000
6.335000
6.368000
7.372000
5.251000
8.062000
5.735000
5.450000
6.341000
6.877000
7.686000
6.992000
6.081000
7.183000
6.209000
6.845000
8.761000
7.487000
7.292000
7.063000
6.749000
5.809000
8.522000
6.378000
5.900000
6.068000
6.443000
7.303000
7.749000
6.655000
6.668000
6.407000
8.090000
8.496000
7.357000
6.663000
8.328000
7.374000
7.663000
8.417000
8.700000
8.058000
8.345000
7.343000
7.955000
9.940000
7.494000
8.493000
8.253000
10.618000
8.945000
7.428000
9.212000
8.657000
8.245000
8.068000
9.840000
12.117000
9.015000
12.599000
12.505000
10.826000
11.448000
9.303000
9.934000
10.336000
10.283000
10.337000
9.569000
9.480000
10.229000
8.589000
9.488000
9.907000
11.468000
10.042000
10.961000
14.117000
13.798000
12.219000
11.607000
11.600000
14.197000
13.197000
12.076000
13.114000
14.094000
10.765000
11.129000
10.825000
15.272000
15.034000
13.784000
11.619000
14.555000
12.585000
12.052000
14.745000
13.976000
12.579000
14.030000
11.066000
11.977000
11.145000
13.278000
10.823000
10.723000
10.692000
11.930000
10.062000
10.586000
8.481000
8.941000
10.701000
9.516000
8.836000
13.929000
15.164000
15.646000
12.269000
8.363000
7.323000
8.595000
9.360000
9.093000
8.544000
9.556000
9.328000
7.721000
6.018000
7.821000
8.671000
9.635000
9.769000
9.272000
9.638000
9.977000
11.354000
11.984000
11.435000
10.193000
9.028000
10.673000
9.604000
9.556000
7.764000
7.883000
8.534000
8.523000
9.817000
8.322000
8.498000
7.793000
9.180000
8.653000
7.583000
10.183000
8.567000
8.361000
10.262000
10.710000
11.772000
10.462000
10.286000
10.573000
9.185000
10.716000
11.214000
13.602000
8.763000
9.292000
9.627000
10.489000
11.204000
8.873000
8.652000
11.137000
11.762000
10.835000
9.673000
10.590000
10.759000
10.725000
10.549000
10.756000
10.581000
10.644000
10.244000
8.959000
9.298000
11.095000
9.067000
9.915000
9.853000
11.185000
10.209000
10.615000
9.851000
9.700000
12.033000
12.566000
11.963000
9.988000
11.026000
12.974000
11.577000
12.843000
11.957000
10.642000
12.332000
13.092000
12.582000
10.196000
9.813000
12.290000
11.553000
11.778000
8.774000
8.742000
10.563000
12.215000
10.355000
9.805000
10.430000
10.376000
12.125000
10.026000
10.442000
9.484000
10.799000
12.685000
12.132000
11.414000
10.457000
9.812000
10.316000
9.996000
12.783000
13.571000
11.931000
11.117000
11.242000
11.470000
12.203000
11.477000
11.888000
14.006000
14.439000
12.019000
12.287000
12.982000
13.354000
18.105000
21.414000
21.326000
16.714001
16.523001
18.882000
19.125999
20.014999
20.861000
19.469999
19.629999
15.733000
17.270000
18.639000
19.261999
21.465000
20.823999
19.836000
19.965000
20.627001
16.422001
18.357000
19.379000
20.693001
25.080000
23.924000
23.017000
22.490000
19.844999
19.134001
17.909000
18.041000
19.540001
20.409000
19.969000
19.159000
19.924000
18.992001
17.983999
18.763000
18.642000
18.646000
17.219999
17.188000
17.221001
17.806000
20.820999
21.857000
20.243000
21.372999
21.212999
19.254000
23.155001
18.659000
17.617001
15.808000
18.025000
17.334999
20.219999
17.688000
18.778000
18.077000
17.552999
18.337000
17.885000
17.420000
17.254000
17.672001
19.858999
19.966000
21.160999
21.261000
20.201000
19.893999
19.138000
18.690001
19.754999
19.910999
20.712000
19.764999
21.575001
20.573000
20.974001
17.054001
18.556999
19.051001
20.976000
16.795000
15.566000
17.958000
16.797001
16.454000
16.978001
15.844000
18.514000
18.294001
18.056000
16.712999
20.114000
17.136000
18.259001
14.476000
17.173000
19.422001
19.775000
21.068001
18.037001
19.601999
19.062000
14.443000
16.872999
19.228001
18.747999
20.648001
18.917999
20.530001
17.761999
18.893999
14.717000
13.102000
15.381000
14.848000
16.191999
16.507999
15.087000
14.422000
14.476000
16.985001
14.885000
18.170000
17.089001
18.312000
17.429001
15.508000
13.214000
16.903999
16.653999
16.795000
17.980000
16.659000
17.848000
15.469000
16.934999
16.386999
16.759001
16.336000
18.128000
17.364000
20.556000
17.341000
17.413000
16.480000
15.063000
15.326000
23.822001
25.146999
25.035999
16.945999
16.077000
16.011000
17.389999
14.245000
14.239000
15.729000
18.120001
15.249000
18.499001
16.033001
17.403999
15.703000
12.461000
14.606000
11.265000
15.308000
16.183001
16.372000
14.382000
14.440000
15.287000
14.569000
14.214000
13.262000
11.408000
12.893000
13.487000
14.177000
15.518000
13.288000
13.676000
13.621000
13.324000
12.161000
11.902000
12.436000
15.119000
14.678000
14.766000
14.587000
12.122000
9.730000
10.414000
12.507000
12.387000
14.509000
12.751000
11.941000
13.082000
10.326000
9.855000
11.868000
11.991000
12.901000
12.520000
11.771000
11.834000
9.967000
11.171000
10.426000
12.668000
13.346000
13.835000
14.368000
13.620000
11.449000
14.243000
14.595000
15.434000
16.247000
14.813000
16.191000
14.959000
13.818000
12.495000
12.106000
14.180000
14.655000
15.406000
17.247000
17.188999
16.962999
17.077000
16.091999
13.254000
13.719000
12.402000
14.709000
17.204000
15.423000
14.932000
16.028000
15.096000
14.500000
13.255000
11.330000
13.191000
14.452000
14.467000
15.637000
14.011000
14.994000
15.156000
12.490000
11.645000
12.062000
12.409000
14.624000
15.718000
18.204000
15.828000
16.330000
15.016000
14.020000
13.109000
12.875000
15.218000
16.466000
17.579000
16.976000
17.122999
16.080999
18.014999
15.596000
15.907000
17.117001
17.063000
17.613001
