31.014846
31.895659
28.689118
25.542241
24.097179
26.636674
24.779464
25.600388
26.519394
23.058634
23.339325
23.918116
26.178951
22.952210
25.216993
24.979982
21.369491
26.549210
26.919900
23.075932
25.322957
23.680572
28.786977
22.407186
25.432608
26.202933
21.079603
27.580695
27.891820
23.101099
27.995251
27.142742
25.306777
23.870588
28.388424
28.140933
24.299525
27.670508
28.299960
29.132962
23.339769
26.514938
38.711537
27.664305
29.636186
30.316490
27.593641
26.079218
28.269253
28.733454
27.802064
28.266346
27.116396
27.510993
28.274279
30.040255
26.166742
27.986139
25.834777
26.890524
25.473046
26.463435
26.829247
26.053391
25.355401
26.790389
27.312842
25.047038
29.371806
28.042130
27.312291
27.468175
27.208915
28.868278
24.311320
28.788901
35.668433
27.298397
28.319624
28.861086
26.681623
24.965180
30.656822
29.794782
27.543195
29.058335
23.891131
27.098410
25.559267
26.868825
25.820653
29.502294
27.399358
28.050974
25.018736
29.303367
28.288365
26.390425
25.038681
30.256464
31.360491
28.806353
26.397692
30.374434
28.502727
29.837070
27.152262
30.590865
28.110996
28.528167
29.587757
27.764063
31.323872
32.268616
32.779112
31.122100
29.131213
30.710536
28.782390
29.202463
29.887378
29.401244
29.106162
29.317616
29.307311
26.843715
30.530768
35.434742
37.466522
36.811033
31.558396
34.652259
35.687219
34.134380
32.637849
33.880760
29.457792
32.381460
33.109314
35.062138
33.171906
34.871505
29.188706
33.781074
34.436975
33.292221
33.158431
32.881077
31.384389
28.111291
32.682992
33.742372
39.690627
29.625275
30.172002
25.482272
28.830034
29.086819
31.465635
19.139249
27.134233
25.541408
25.003458
27.179040
24.773090
23.124881
17.940049
21.597097
21.182919
22.227796
22.534220
20.727125
19.696287
19.274884
19.395072
20.876776
20.369362
21.461384
20.693274
20.565258
20.899937
21.092641
19.725833
18.605532
18.903624
21.672864
20.890928
20.398622
20.242264
20.247513
18.774349
19.170924
19.378409
19.193835
20.204723
21.090053
20.528898
21.544222
19.410204
19.948261
19.393639
22.782713
21.448634
20.241153
19.856793
18.532294
18.820688
18.754664
19.641872
20.036064
20.906945
21.262305
20.056323
19.732546
19.617197
19.868104
20.994299
21.808737
21.114230
21.356614
19.962746
19.883451
20.111063
21.262015
21.275047
21.853757
21.974740
21.009159
19.921376
19.346798
19.027254
22.032872
21.959136
20.905552
22.376443
17.858568
18.927042
17.682188
17.499521
18.334834
20.501059
21.162384
19.302199
17.958950
18.370250
19.041484
20.595151
19.994862
19.918391
18.821867
17.518970
17.130418
16.419174
17.944345
17.739081
19.978625
18.441348
17.377663
17.507907
17.749005
17.490701
17.768472
17.842048
18.391741
17.054105
17.882943
17.667595
18.410319
17.789548
19.686488
19.675575
19.041818
17.732891
17.428314
16.666376
18.820195
17.878873
19.408725
18.831271
19.307764
19.848251
18.523090
16.801977
19.794022
19.714217
19.880872
20.362019
19.554624
17.851655
18.616330
18.745487
20.205375
21.865459
21.440372
22.482884
20.293039
19.936645
21.530327
20.187332
21.303685
20.584044
20.356253
20.486829
19.009466
29.957487
27.384184
28.795969
28.749299
29.436389
32.741615
34.988330
33.402140
34.892449
34.042481
30.318028
32.359498
33.141112
31.732277
32.273682
30.922449
30.203489
30.846925
31.457908
28.664329
31.721020
31.386791
31.061308
32.311122
30.770643
29.282233
30.867531
29.816657
30.599038
31.621077
34.820963
32.931757
39.811881
39.994318
40.749416
42.488654
39.594932
33.015495
32.297101
32.580121
30.060543
34.929339
33.925287
41.732500
42.100281
42.138490
57.336589
36.470781
33.765547
37.701818
40.861775
40.905819
42.462805
41.766729
34.608406
40.109456
42.096061
41.779494
40.624826
41.743453
42.987230
36.645874
39.066738
40.791420
42.698658
44.271432
42.866976
42.028326
36.811009
40.341713
41.004920
41.818366
42.616140
42.404903
47.074701
36.095481
39.201710
40.086256
38.715635
39.308593
38.945962
39.952533
40.526104
34.639260
37.702570
39.257604
40.368814
40.586805
39.845910
40.023697
40.224137
33.819023
38.945974
39.125009
38.802630
38.692440
39.549369
38.923210
37.802486
38.789482
34.440797
37.230257
37.997153
40.033033
38.876122
38.596230
40.230822
38.949026
32.986147
37.304673
38.852028
38.532537
38.144804
39.095798
38.342867
45.823452
34.268066
38.022113
38.703304
39.428480
38.438861
37.591443
37.359128
37.689965
34.028292
38.297485
39.108136
39.722479
38.904646
38.852917
40.631577
41.557143
38.945784
32.994111
36.718049
38.585798
39.160711
39.516951
39.911882
40.623911
40.332627
37.010948
34.521938
31.585988
37.591050
38.932656
39.264808
39.417138
36.848120
39.070106
38.405804
37.712299
32.907380
29.189884
35.469373
36.767090
38.437241
38.705532
38.162871
37.823068
37.528060
35.682978
30.308498
34.303326
35.232301
36.064025
35.787296
34.728159
34.906010
35.405766
36.553068
30.771154
32.465752
34.009010
34.980933
34.670872
34.882801
35.147732
34.866289
40.579846
32.675041
28.683232
33.613922
34.120890
38.760748
44.017108
37.379090
55.573288
30.243578
32.760978
33.643831
36.477494
34.495474
33.473425
34.098458
30.107287
32.184124
33.150628
34.328416
33.780425
32.885453
34.832801
29.578823
32.756292
34.093677
35.046559
34.477231
37.227921
35.544496
37.545681
32.611976
35.684784
37.292675
37.180897
36.805300
37.583412
37.602802
35.408482
32.382045
32.012131
31.368665
31.066323
30.669057
30.291224
30.961394
30.544471
28.518415
30.090144
30.723915
29.365570
29.318622
30.272111
31.718806
30.826968
39.149799
40.308922
40.028525
40.442402
39.645425
60.462941
32.897572
31.336157
30.971566
30.515451
30.636472
31.140001
32.064411
33.199955
32.309046
31.452409
30.824988
32.482249
30.927895
32.347439
33.169858
31.894807
33.008699
33.679256
32.917649
34.002763
34.170164
32.593790
34.163296
34.184854
32.587453
33.264827
33.921891
32.675742
33.307952
