6.453000
14.050000
13.706000
9.800000
9.562000
11.257000
10.172000
10.403000
11.295000
9.003000
9.621000
11.155000
11.416000
7.715000
9.374000
11.487000
8.200000
10.983000
12.010000
8.320000
11.685000
11.838000
12.350000
8.059000
10.277000
10.806000
8.404000
11.865000
11.084000
7.791000
10.805000
10.027000
13.358000
7.930000
11.092000
18.030000
8.964000
12.890000
13.563000
14.086000
8.304000
11.406000
13.123000
9.966000
14.826000
13.016000
11.846000
10.908000
14.970000
12.084000
12.453000
12.339000
12.310000
12.159000
11.862000
14.918000
9.873000
12.384000
13.196000
12.427000
10.621000
12.434000
10.639000
11.612000
11.312000
10.579000
13.735000
9.413000
12.272000
15.146000
12.334000
11.600000
13.372000
13.844000
8.987000
12.752000
12.378000
12.217000
13.094000
12.790000
12.857000
9.346000
12.927000
14.806000
14.476000
13.099000
9.470000
12.831000
11.885000
12.182000
9.931000
15.241000
15.906000
14.907000
9.921000
13.861000
15.550000
14.589000
10.935000
14.343000
16.865000
16.248000
11.003000
15.104000
16.178000
20.475000
12.205000
16.474000
15.217000
14.411000
10.743000
18.127000
13.073000
16.096000
11.712000
14.429000
15.374000
14.574000
16.082000
13.723000
15.849000
15.524000
14.508000
15.749000
15.539000
12.270000
15.736000
15.174000
14.716000
26.917000
12.521000
15.577000
15.305000
15.387000
13.955000
23.261000
12.032000
13.263000
14.932000
14.768000
15.147000
17.761000
12.741000
13.967000
13.964000
14.543000
13.740000
15.069000
13.122000
15.750000
10.402000
12.317000
12.252000
13.444000
20.182000
9.439000
12.130000
13.858000
11.984000
8.413000
9.753000
10.364000
11.948000
17.071000
8.314000
9.923000
14.658000
9.307000
8.953000
7.914000
4.502000
4.171000
4.065000
4.521000
5.139000
4.907000
4.374000
4.642000
4.078000
5.112000
4.791000
4.770000
5.036000
4.562000
5.214000
5.001000
4.991000
5.324000
5.029000
4.429000
4.887000
5.044000
5.710000
6.595000
4.638000
4.383000
4.116000
5.498000
4.511000
5.455000
5.894000
6.641000
5.210000
4.504000
4.492000
4.134000
4.228000
4.365000
5.290000
6.128000
6.006000
4.714000
5.016000
5.976000
4.900000
5.547000
6.189000
6.916000
4.796000
5.124000
4.608000
4.522000
4.814000
4.535000
5.693000
4.633000
4.280000
4.605000
4.787000
5.137000
4.748000
6.008000
5.757000
4.317000
4.089000
4.165000
6.075000
3.951000
3.953000
5.586000
4.779000
4.669000
4.376000
4.473000
4.497000
4.132000
4.847000
5.840000
6.261000
5.305000
4.053000
6.162000
4.518000
4.825000
4.086000
6.614000
4.620000
5.276000
5.343000
5.910000
4.418000
4.901000
5.027000
6.615000
4.061000
5.026000
4.243000
5.470000
4.140000
5.142000
6.122000
5.341000
5.417000
4.416000
4.218000
5.572000
4.889000
4.628000
5.576000
5.601000
4.427000
5.194000
4.579000
5.871000
4.873000
6.305000
6.058000
4.639000
4.244000
4.765000
5.499000
5.519000
4.478000
6.924000
6.997000
5.485000
4.800000
5.151000
4.529000
4.118000
4.524000
5.191000
4.570000
5.085000
4.667000
16.885000
4.281000
5.745000
3.983000
4.488000
16.289000
14.052000
14.587000
14.944000
13.612000
13.700000
13.266000
12.785000
12.570000
12.770000
14.071000
13.260000
12.014000
12.087000
12.574000
13.462000
13.808000
14.357000
13.921000
12.081000
13.212000
13.560000
13.961000
14.992000
14.837000
12.905000
13.515000
13.975000
15.205000
15.999000
17.215000
12.010000
15.612000
18.687000
16.881000
18.412000
16.486000
14.083000
14.356000
17.700000
14.601000
17.716000
18.227000
18.369000
18.011000
27.644000
14.317000
18.514000
20.819000
18.776000
19.518000
19.160000
19.492000
14.824000
17.602000
19.081000
20.170000
18.006000
19.522000
41.734000
14.921000
17.350000
18.696000
18.167000
17.382000
18.471000
18.523000
19.726000
16.045000
18.965000
19.013000
19.327000
18.247000
17.500000
18.372000
19.273000
14.505000
17.133000
19.228000
18.345000
18.159000
18.635000
19.062000
20.142000
15.249000
16.351000
14.373000
17.930000
18.008000
18.494000
18.391000
17.937000
17.766000
17.055000
16.323000
16.317000
13.754000
17.126000
17.478000
17.965000
18.358000
17.172000
17.163000
31.238000
13.670000
18.245000
20.057000
17.179000
16.560000
18.682000
20.474000
17.815000
13.581000
16.448000
19.204000
21.005000
16.914000
17.448000
19.296000
20.558000
13.728000
16.828000
19.827000
19.660000
17.023000
17.615000
20.384000
18.065000
17.520000
14.001000
18.125000
19.953000
17.790000
16.626000
19.196000
20.538000
15.891000
16.881000
14.232000
18.865000
18.505000
17.169000
16.863000
20.465000
19.417000
17.581000
17.925000
17.974000
15.787000
17.666000
15.230000
16.128000
16.342000
16.790000
19.269000
17.662000
22.643000
15.291000
12.712000
15.873000
16.980000
16.720000
16.434000
16.120000
15.188000
16.711000
19.720000
15.735000
12.429000
15.440000
16.896000
16.712000
17.573000
16.160000
15.937000
14.845000
17.604000
12.217000
15.235000
15.215000
15.571000
15.190000
14.927000
35.469000
12.221000
13.848000
14.473000
15.931000
16.035000
15.718000
26.618000
11.688000
15.542000
15.502000
14.702000
14.141000
14.609000
27.746000
12.878000
15.121000
15.984000
16.214000
17.234000
18.998000
16.513000
15.920000
16.060000
13.164000
17.356000
16.451000
16.866000
17.185000
19.269000
17.580000
15.758000
13.758000
13.986000
14.713000
14.479000
14.502000
14.032000
14.814000
15.688000
15.584000
14.731000
13.491000
14.912000
11.916000
16.534000
17.945000
16.803000
15.833000
15.970000
18.144000
24.123000
15.035000
14.227000
14.296000
14.513000
15.466000
16.127000
15.693000
14.380000
14.092000
13.811000
14.790000
15.882000
16.311000
15.939000
14.864000
14.788000
14.699000
15.556000
17.247000
17.085000
14.839000
15.261000
14.662000
14.536000
15.576000
16.276000
15.271000
15.216000
