2.422000
2.983000
2.758000
4.237000
2.421000
2.883000
2.306000
2.534000
2.365000
2.422000
2.279000
2.322000
2.475000
2.362000
2.354000
2.331000
2.555000
2.412000
2.216000
2.315000
2.309000
2.615000
2.327000
2.284000
2.298000
2.479000
2.505000
3.435000
2.510000
2.350000
2.292000
2.342000
2.771000
2.210000
2.295000
2.346000
2.312000
2.278000
2.245000
2.549000
2.339000
2.492000
2.326000
2.452000
2.333000
2.545000
3.979000
2.492000
4.083000
2.206000
2.279000
2.485000
2.381000
2.339000
2.325000
3.047000
2.303000
2.279000
2.329000
2.476000
2.495000
2.535000
2.332000
2.334000
2.347000
2.388000
2.559000
2.365000
2.483000
2.597000
2.257000
2.256000
2.441000
2.482000
2.209000
2.693000
2.212000
2.333000
2.270000
2.360000
2.352000
2.199000
2.237000
2.532000
2.261000
2.218000
2.235000
2.393000
2.295000
2.203000
2.268000
2.619000
2.338000
2.600000
2.745000
2.491000
2.653000
2.334000
2.269000
2.286000
2.429000
2.584000
4.143000
2.482000
2.271000
2.655000
2.415000
2.347000
2.398000
2.336000
2.415000
2.311000
2.590000
2.258000
2.560000
2.526000
2.290000
2.720000
2.218000
2.377000
2.293000
2.216000
2.728000
2.297000
2.316000
2.220000
2.704000
3.186000
2.223000
2.427000
2.222000
2.540000
2.245000
2.317000
2.351000
2.227000
2.694000
2.317000
2.521000
2.502000
2.304000
2.546000
2.279000
2.521000
2.270000
2.240000
2.533000
2.668000
2.297000
2.264000
2.776000
2.404000
2.296000
2.287000
2.291000
2.254000
2.591000
2.328000
2.376000
2.327000
2.241000
2.566000
2.243000
2.288000
2.285000
2.494000
2.480000
2.204000
2.384000
2.437000
2.280000
2.259000
2.767000
2.256000
2.270000
2.246000
2.689000
2.218000
2.298000
2.293000
2.256000
2.628000
2.315000
2.292000
2.224000
2.352000
2.311000
2.343000
3.241000
2.596000
2.725000
2.796000
2.325000
2.903000
2.419000
2.292000
2.261000
2.267000
2.432000
2.227000
2.511000
2.307000
2.557000
2.686000
3.222000
2.845000
2.387000
3.132000
3.105000
2.329000
3.053000
2.782000
3.964000
2.909000
4.387000
2.724000
2.552000
2.248000
2.260000
3.086000
2.455000
2.484000
2.259000
2.254000
2.893000
2.473000
2.721000
3.752000
2.951000
2.261000
2.296000
2.314000
2.473000
2.631000
3.174000
2.461000
2.472000
2.374000
2.399000
2.523000
2.472000
2.297000
2.333000
2.288000
2.764000
2.808000
2.322000
2.373000
3.940000
2.298000
2.555000
2.633000
2.561000
2.360000
2.308000
2.383000
2.297000
2.277000
2.482000
2.930000
2.269000
2.270000
2.607000
2.539000
2.363000
2.321000
2.866000
2.367000
2.443000
2.748000
2.280000
2.242000
2.275000
2.475000
2.442000
2.482000
2.399000
2.519000
2.213000
2.747000
2.239000
2.588000
2.397000
2.475000
2.251000
2.253000
2.254000
2.255000
2.462000
2.676000
2.288000
2.287000
2.315000
2.368000
2.287000
2.345000
2.779000
2.443000
2.252000
2.592000
2.624000
2.315000
2.335000
2.545000
2.594000
2.884000
2.677000
3.181000
2.480000
2.524000
2.301000
2.526000
2.321000
2.291000
2.450000
2.298000
2.355000
2.459000
2.341000
2.471000
2.329000
2.813000
2.839000
2.364000
2.654000
2.374000
2.366000
2.397000
2.348000
2.475000
2.421000
2.469000
2.509000
2.371000
2.527000
2.468000
2.465000
2.615000
2.282000
2.381000
2.191000
2.570000
2.519000
2.274000
2.415000
2.312000
2.452000
2.724000
2.267000
2.297000
2.303000
2.304000
2.473000
2.333000
2.597000
2.364000
2.447000
2.282000
2.393000
2.448000
2.401000
2.475000
2.434000
2.268000
2.253000
2.310000
2.317000
2.233000
2.403000
2.482000
3.068000
2.468000
2.297000
2.543000
2.436000
2.410000
2.419000
2.401000
2.670000
2.243000
2.419000
2.216000
2.424000
3.386000
2.182000
2.344000
