6.175000
9.230000
8.153000
9.808000
6.078000
6.540000
5.973000
5.940000
6.167000
6.576000
6.506000
5.961000
6.667000
6.394000
6.488000
6.234000
6.089000
6.828000
6.504000
6.027000
6.834000
6.391000
6.533000
5.785000
6.513000
5.765000
6.483000
8.493000
6.926000
5.894000
6.972000
6.406000
7.266000
5.583000
6.500000
5.920000
6.397000
5.638000
8.695000
5.970000
6.651000
6.234000
6.593000
6.348000
6.556000
6.076000
10.711000
6.431000
13.495000
5.601000
6.527000
6.135000
6.049000
6.186000
6.093000
6.608000
6.846000
6.234000
7.274000
6.370000
7.489000
7.599000
6.827000
6.065000
6.487000
7.669000
7.149000
8.017000
7.493000
8.191000
7.492000
6.332000
7.399000
6.853000
6.732000
6.387000
6.604000
6.001000
10.646000
6.242000
7.410000
6.885000
7.532000
8.022000
7.519000
6.885000
7.260000
7.248000
7.825000
6.871000
8.214000
7.305000
8.160000
8.476000
8.908000
7.299000
7.821000
6.917000
7.246000
10.988000
7.279000
8.079000
13.351000
13.530000
6.510000
8.296000
7.578000
6.944000
6.237000
6.510000
6.612000
6.412000
8.095000
6.902000
7.758000
7.769000
7.520000
7.161000
7.117000
7.254000
6.995000
7.738000
7.456000
7.203000
7.824000
7.254000
8.522000
9.192000
9.499000
7.846000
7.576000
8.478000
7.698000
7.922000
6.324000
6.056000
7.572000
6.443000
6.880000
6.588000
8.232000
7.214000
6.247000
6.339000
6.030000
7.129000
7.389000
8.892000
7.506000
7.185000
9.271000
7.685000
7.246000
7.178000
6.362000
6.620000
5.831000
5.986000
6.106000
6.230000
6.670000
6.487000
5.903000
6.088000
6.051000
7.030000
6.929000
6.601000
6.762000
6.723000
6.478000
7.299000
7.821000
7.006000
6.365000
7.016000
6.714000
6.922000
6.948000
6.721000
7.134000
6.326000
6.565000
6.667000
6.967000
9.042000
6.916000
7.022000
11.953000
11.329000
9.151000
8.826000
7.633000
8.190000
7.523000
7.095000
8.940000
7.208000
7.324000
7.302000
8.781000
7.463000
7.743000
7.553000
7.918000
7.507000
7.421000
8.426000
7.422000
6.518000
7.328000
7.544000
13.430000
7.910000
8.471000
9.730000
13.006000
12.258000
10.466000
10.446000
7.823000
8.249000
9.019000
7.858000
9.804000
9.052000
8.766000
14.161000
11.165000
9.728000
8.352000
8.602000
7.887000
8.256000
10.557000
7.805000
8.066000
6.554000
7.401000
7.332000
7.348000
6.642000
6.662000
6.746000
10.146000
8.150000
6.620000
6.645000
12.313000
6.788000
7.359000
12.453000
7.048000
6.775000
6.542000
7.073000
7.235000
6.822000
8.367000
7.888000
6.945000
6.763000
8.658000
7.918000
8.227000
8.293000
8.034000
7.634000
8.253000
8.195000
7.684000
7.641000
9.602000
7.409000
7.288000
9.170000
7.339000
8.469000
7.619000
9.131000
7.659000
8.339000
9.369000
8.070000
6.885000
9.429000
6.920000
7.098000
7.557000
7.169000
7.141000
7.076000
8.161000
7.102000
7.703000
7.047000
8.753000
8.182000
7.019000
7.698000
6.802000
6.455000
6.305000
6.923000
6.620000
6.462000
6.493000
6.714000
7.302000
7.359000
8.191000
7.406000
7.179000
6.752000
7.436000
6.036000
6.167000
7.824000
7.255000
7.212000
7.370000
8.143000
8.018000
6.109000
6.445000
6.872000
6.279000
7.345000
6.279000
6.855000
6.720000
6.409000
7.068000
6.791000
7.871000
8.201000
7.968000
9.179000
8.293000
8.030000
7.548000
7.091000
7.399000
6.283000
7.404000
7.380000
7.205000
8.761000
7.273000
7.597000
7.252000
7.015000
7.657000
7.390000
7.724000
7.653000
8.535000
6.917000
7.103000
9.356000
7.335000
7.329000
9.252000
6.859000
6.356000
6.660000
6.114000
6.184000
6.864000
6.784000
8.474000
7.266000
6.268000
7.031000
7.840000
6.452000
6.439000
7.120000
7.307000
6.647000
7.228000
6.215000
6.521000
10.777000
6.227000
6.580000
