10.662000
15.023000
14.220000
17.059999
10.307000
11.355000
10.162000
10.207000
10.438000
10.685000
10.819000
10.235000
10.876000
10.475000
10.571000
10.291000
10.494000
10.969000
10.584000
10.923000
10.996000
11.007000
10.723000
10.087000
10.546000
10.074000
10.696000
13.923000
11.376000
10.013000
11.029000
10.496000
12.092000
9.522000
10.568000
9.935000
10.533000
9.682000
13.754000
10.279000
10.769000
10.558000
10.658000
10.529000
10.584000
10.549000
18.448999
10.615000
21.914000
9.579000
10.582000
10.450000
10.334000
10.298000
11.126000
11.348000
11.207000
11.229000
11.588000
10.679000
12.058000
12.217000
10.967000
10.275000
10.639000
12.165000
11.625000
12.294000
12.318000
12.849000
11.778000
10.314000
11.771000
11.181000
10.679000
10.807000
10.730000
10.058000
15.764000
10.299000
11.609000
10.775000
11.649000
12.404000
11.606000
10.786000
11.236000
11.313000
11.883000
10.944000
12.588000
11.854000
12.410000
13.106000
13.664000
11.476000
12.513000
11.158000
11.666000
15.519000
11.759000
12.659000
20.729000
18.518000
10.652000
12.820000
11.871000
11.328000
10.385000
10.783000
10.997000
10.727000
12.629000
11.081000
12.346000
12.385000
11.845000
11.742000
11.288000
11.632000
11.138000
11.797000
12.240000
11.301000
12.029000
11.259000
13.357000
14.268000
14.999000
12.394000
11.949000
12.815000
11.941000
12.213000
10.433000
10.707000
12.295000
11.721000
11.342000
11.087000
12.693000
12.055000
10.696000
10.743000
10.330000
11.292000
11.725000
14.006000
11.523000
11.144000
13.957000
11.863000
11.299000
11.159000
10.406000
10.778000
10.546000
10.283000
10.289000
10.467000
10.901000
11.172000
9.998000
10.429000
10.275000
11.552000
11.347000
10.734000
10.999000
11.019000
10.708000
11.514000
12.731000
11.236000
10.534000
11.152000
11.422000
10.829000
11.069000
10.784000
11.212000
11.010000
10.753000
10.701000
11.147000
13.179000
11.070000
11.162000
18.101999
16.406000
14.104000
13.694000
11.939000
13.171000
11.894000
11.232000
13.263000
11.366000
11.683000
11.447000
13.229000
11.775000
12.209000
12.506000
13.328000
12.413000
11.959000
13.941000
12.909000
10.908000
12.614000
12.433000
19.646000
12.732000
14.827000
14.373000
18.783001
17.521999
14.945000
15.794000
12.494000
12.834000
13.346000
12.199000
14.999000
14.102000
13.624000
21.290001
16.684999
14.197000
12.435000
13.069000
12.537000
13.033000
16.506001
12.382000
12.612000
11.042000
11.754000
12.116000
11.961000
10.813000
10.875000
10.965000
15.139000
13.323000
10.940000
11.116000
19.330999
10.875000
11.808000
18.011000
11.953000
11.033000
10.707000
11.392000
11.309000
11.045000
12.795000
12.834000
11.183000
10.833000
13.366000
12.403000
12.662000
13.500000
13.153000
11.890000
13.456000
13.053000
11.778000
11.884000
13.759000
11.866000
11.593000
14.450000
11.717000
13.074000
11.869000
13.900000
11.758000
12.972000
13.649000
12.496000
10.997000
14.919000
10.979000
11.241000
12.308000
11.838000
11.382000
11.328000
12.403000
11.264000
11.860000
11.215000
13.799000
12.917000
11.202000
12.601000
11.657000
10.783000
10.677000
11.358000
11.358000
11.442000
11.123000
11.755000
11.732000
11.708000
12.518000
11.751000
11.494000
10.734000
11.794000
10.192000
10.284000
12.167000
11.380000
11.716000
11.560000
12.996000
13.031000
10.434000
11.229000
11.447000
10.519000
11.798000
10.522000
11.827000
10.982000
10.698000
11.535000
10.972000
12.239000
12.520000
12.380000
13.584000
12.393000
12.398000
11.612000
11.517000
11.732000
10.396000
11.640000
11.770000
11.625000
13.382000
11.400000
11.887000
11.460000
11.414000
12.080000
11.864000
12.546000
12.046000
13.882000
11.248000
11.678000
14.120000
11.942000
11.821000
13.542000
11.213000
10.429000
10.963000
10.361000
10.225000
11.191000
11.189000
14.187000
11.898000
10.475000
11.781000
12.273000
10.984000
10.867000
11.642000
12.171000
10.861000
11.821000
10.394000
11.058000
17.181999
10.223000
10.967000
