5.100000
4.847000
3.365000
4.629000
3.746000
5.372000
3.399000
4.691000
3.412000
3.399000
4.607000
3.385000
3.904000
8.667000
7.084000
5.566000
6.407000
5.552000
7.208000
5.943000
6.754000
5.755000
3.605000
3.548000
3.538000
3.694000
3.423000
3.522000
3.600000
4.524000
4.993000
3.349000
5.262000
3.688000
4.411000
3.536000
5.277000
3.521000
3.834000
6.074000
7.466000
4.846000
6.500000
5.237000
5.371000
5.105000
4.574000
2.679000
2.824000
2.956000
3.008000
2.689000
2.481000
2.710000
3.202000
4.370000
2.829000
2.653000
2.739000
2.954000
3.016000
2.757000
2.772000
2.664000
2.623000
2.023000
2.845000
2.654000
2.622000
2.481000
2.765000
2.108000
1.222000
1.758000
1.337000
1.235000
1.684000
1.637000
1.568000
1.434000
1.624000
1.299000
1.262000
1.501000
1.434000
1.587000
1.414000
1.154000
4.891000
3.826000
5.765000
3.664000
3.899000
3.728000
4.311000
6.038000
4.210000
16.046000
6.012000
4.290000
1.132000
1.123000
0.944000
1.495000
1.261000
1.025000
1.047000
0.970000
3.891000
4.407000
3.784000
3.551000
4.420000
3.523000
3.773000
3.926000
4.953000
4.557000
3.914000
4.002000
5.574000
3.648000
3.685000
4.020000
3.898000
8.487000
7.435000
4.292000
2.882000
3.037000
2.707000
2.830000
2.813000
2.390000
1.908000
2.392000
3.487000
3.048000
2.701000
4.117000
3.763000
4.584000
4.869000
3.211000
5.242000
4.336000
5.433000
4.233000
4.150000
4.173000
2.898000
4.612000
4.518000
3.172000
4.336000
3.205000
3.632000
3.832000
3.583000
3.276000
3.033000
4.152000
3.048000
4.701000
2.671000
4.931000
2.734000
2.628000
3.318000
3.596000
3.046000
2.774000
7.004000
4.229000
4.292000
3.852000
4.795000
4.246000
4.459000
4.248000
6.841000
4.874000
3.923000
5.606000
4.206000
4.546000
4.477000
6.184000
4.750000
4.395000
5.117000
3.876000
4.951000
4.585000
5.427000
3.942000
4.665000
6.572000
5.722000
1.712000
2.982000
4.924000
3.193000
3.368000
3.231000
3.030000
1.550000
1.795000
2.507000
1.813000
2.903000
3.024000
2.668000
3.046000
3.345000
3.198000
5.290000
3.246000
3.596000
5.616000
3.593000
3.529000
4.178000
3.396000
3.723000
3.856000
4.496000
4.278000
2.916000
5.522000
3.709000
3.573000
3.636000
3.579000
3.701000
3.366000
3.689000
3.711000
3.552000
3.197000
3.504000
3.053000
2.339000
2.657000
2.562000
2.453000
2.849000
2.459000
2.051000
3.072000
3.371000
2.525000
2.346000
2.278000
2.701000
2.194000
1.807000
2.284000
1.691000
2.584000
3.045000
1.534000
2.949000
3.197000
3.996000
1.917000
2.304000
2.558000
1.434000
1.776000
2.260000
1.803000
2.987000
2.746000
3.170000
2.668000
2.473000
1.758000
1.008000
1.079000
1.266000
1.640000
1.397000
1.659000
1.721000
1.716000
1.390000
1.027000
0.873000
1.177000
1.343000
1.596000
1.389000
1.264000
1.393000
0.925000
1.332000
1.376000
2.357000
3.281000
3.569000
3.607000
3.360000
3.162000
3.213000
2.361000
2.666000
7.768000
7.009000
4.112000
6.439000
6.845000
4.023000
6.372000
4.201000
3.806000
4.743000
3.811000
4.064000
4.510000
3.916000
3.772000
4.567000
4.547000
3.860000
4.589000
7.078000
4.633000
5.752000
5.980000
4.728000
6.760000
4.953000
4.297000
5.574000
4.758000
5.368000
5.985000
