0.010000
0.010000
0.010000
0.010000
1.010000
0.010000
1.010000
0.010000
0.010000
0.010000
1.010000
1.010000
0.010000
1.010000
0.010000
0.010000
0.010000
1.010000
2.010000
0.010000
0.010000
1.010000
0.010000
0.010000
0.010000
5.010000
7.010000
1.010000
2.010000
0.010000
2.010000
0.010000
0.010000
1.010000
0.010000
1.010000
87.010000
79.010000
95.010000
75.010000
55.010000
35.010000
27.010000
39.010000
41.010000
37.010000
386.010000
386.010000
386.010000
386.010000
386.010000
386.010000
386.010000
386.010000
386.010000
386.010000
386.010000
386.010000
566.010000
820.010000
820.010000
877.010000
877.010000
877.010000
877.010000
709.010000
709.010000
709.010000
709.010000
709.010000
709.010000
709.010000
627.010000
627.010000
627.010000
617.010000
617.010000
617.010000
617.010000
617.010000
617.010000
617.010000
530.010000
530.010000
530.010000
530.010000
530.010000
530.010000
530.010000
530.010000
530.010000
530.010000
530.010000
530.010000
530.010000
530.010000
530.010000
530.010000
581.010000
581.010000
581.010000
581.010000
480.010000
480.010000
480.010000
480.010000
480.010000
480.010000
480.010000
480.010000
480.010000
480.010000
480.010000
480.010000
480.010000
480.010000
480.010000
480.010000
480.010000
480.010000
480.010000
480.010000
480.010000
480.010000
480.010000
480.010000
480.010000
688.010000
688.010000
688.010000
688.010000
688.010000
688.010000
688.010000
819.010000
1053.010000
1053.010000
1053.010000
1189.010000
1189.010000
1189.010000
1253.010000
1253.010000
1284.010000
1435.010000
1407.010000
1549.010000
1513.010000
1491.010000
1468.010000
1345.010000
1345.010000
1345.010000
1473.010000
1517.010000
1473.010000
1517.010000
1517.010000
1359.010000
1160.010000
1272.010000
1244.010000
1239.010000
1239.010000
1124.010000
1124.010000
1131.010000
1299.010000
1299.010000
1299.010000
1205.010000
1299.010000
1299.010000
1299.010000
1299.010000
1299.010000
1299.010000
1299.010000
1299.010000
1299.010000
1299.010000
1299.010000
1299.010000
1299.010000
1299.010000
1299.010000
1299.010000
1299.010000
1299.010000
1299.010000
1299.010000
1299.010000
1299.010000
1299.010000
1299.010000
1299.010000
1299.010000
1299.010000
1205.010000
1013.010000
1107.010000
1107.010000
1107.010000
1107.010000
1107.010000
1166.010000
1011.010000
1346.010000
1346.010000
1383.010000
1383.010000
1546.010000
1659.010000
1638.010000
1826.010000
1829.010000
1826.010000
1801.010000
1801.010000
1767.010000
1762.010000
1764.010000
1812.010000
1762.010000
1405.010000
1432.010000
1432.010000
1432.010000
1629.010000
1566.010000
1625.010000
1566.010000
1353.010000
1566.010000
1566.010000
1566.010000
1499.010000
1492.010000
1492.010000
1492.010000
1492.010000
1405.010000
1343.010000
1314.010000
1314.010000
1314.010000
1314.010000
1314.010000
1181.010000
1181.010000
1181.010000
1148.010000
1148.010000
1099.010000
1039.010000
1076.010000
1135.010000
1135.010000
1157.010000
1157.010000
1157.010000
1208.010000
1152.010000
1152.010000
1067.010000
1019.010000
1094.010000
1046.010000
1095.010000
1176.010000
1176.010000
1240.010000
1240.010000
1240.010000
1240.010000
1240.010000
1247.010000
1149.010000
1227.010000
1286.010000
1251.010000
1266.010000
1291.010000
1444.010000
1444.010000
1448.010000
1444.010000
1323.010000
1407.010000
1530.010000
1530.010000
1571.010000
1542.010000
1509.010000
1509.010000
1514.010000
1513.010000
1663.010000
1764.010000
1776.010000
1776.010000
1776.010000
1776.010000
1776.010000
1753.010000
1838.010000
1798.010000
1633.010000
1633.010000
1633.010000
1633.010000
1633.010000
1633.010000
1633.010000
1633.010000
1633.010000
1633.010000
1633.010000
1633.010000
1633.010000
1633.010000
1633.010000
1633.010000
1633.010000
1633.010000
1633.010000
1633.010000
1633.010000
1633.010000
1633.010000
1633.010000
1633.010000
1633.010000
1633.010000
1633.010000
1633.010000
1633.010000
1633.010000
