-0.308956 -10.0459 -9.7215 2.02706e-08 6.59113e-07 6.37827e-07 0.000100102 0.00325488 0.00314976 0.247165 8.03673 7.7772
-0.308959 -10.046 -9.7215 6.79383e-07 1.29694e-06 6.17557e-07 0.000200204 0.00650977 0.00629953 0.494331 16.0735 15.5544
-0.308959 -10.046 -9.7215 1.31721e-06 1.27667e-06 -4.1556e-08 0.000300306 0.00976467 0.00944929 0.741497 24.1103 23.3316
-0.308959 -10.046 -9.7215 1.29694e-06 6.1756e-07 -6.79387e-07 0.000400408 0.0130196 0.0125991 0.988663 32.1471 31.1088
-0.308959 -10.046 -9.7215 6.37831e-07 -2.02707e-08 -6.59117e-07 0.000500511 0.0162745 0.0157488 1.23583 40.1839 38.886
-0.308959 -10.046 -9.7215 -1.20775e-14 -1.78065e-13 -3.81613e-12 0.000600613 0.0195294 0.0188986 1.48299 48.2206 46.6632
-0.308959 -10.046 -9.7215 2.02705e-08 6.59113e-07 6.37827e-07 0.000700715 0.0227843 0.0220484 1.73016 56.2574 54.4404
-0.308959 -10.046 -9.7215 6.79383e-07 1.29694e-06 6.17557e-07 0.000800817 0.0260391 0.0251981 1.97733 64.2942 62.2176
-0.308959 -10.046 -9.7215 1.31721e-06 1.27667e-06 -4.1556e-08 0.00090092 0.029294 0.0283479 2.22449 72.331 69.9948
-0.308959 -10.046 -9.7215 1.29694e-06 6.1756e-07 -6.79387e-07 0.00100102 0.0325489 0.0314976 2.47166 80.3678 77.772
-0.308959 -10.046 -9.7215 6.37831e-07 -2.02707e-08 -6.59117e-07 0.00110112 0.0358038 0.0346474 2.71883 88.4045 85.5492
-0.308959 -10.046 -9.7215 7.88876e-15 -1.03197e-13 -3.75484e-12 0.00120123 0.0390587 0.0377972 2.96599 96.4413 93.3264
-0.308959 -10.046 -9.7215 2.02706e-08 6.59113e-07 6.37827e-07 0.00130133 0.0423136 0.0409469 3.21316 104.478 101.104
-0.308959 -10.046 -9.7215 6.79383e-07 1.29694e-06 6.17557e-07 0.00140143 0.0455685 0.0440967 3.46032 112.515 108.881
-0.308959 -10.046 -9.7215 1.31721e-06 1.27667e-06 -4.15559e-08 0.00150153 0.0488234 0.0472465 3.70749 120.552 116.658
-0.308959 -10.046 -9.7215 1.29694e-06 6.17561e-07 -6.79387e-07 0.00160164 0.0520783 0.0503962 3.95466 128.588 124.435
-0.308959 -10.046 -9.7215 6.37831e-07 -2.02707e-08 -6.59117e-07 0.00170174 0.0553332 0.053546 4.20182 136.625 132.212
-0.308959 -10.046 -9.7215 -2.18425e-15 -1.50777e-13 -3.79069e-12 0.00180184 0.0585881 0.0566958 4.44899 144.662 139.99
-0.308959 -10.046 -9.7215 2.02706e-08 6.59113e-07 6.37827e-07 0.00190194 0.061843 0.0598455 4.69615 152.699 147.767
-0.308959 -10.046 -9.7215 6.79383e-07 1.29694e-06 6.17557e-07 0.00200204 0.0650979 0.0629953 4.94332 160.736 155.544
-0.308959 -10.046 -9.7215 1.31721e-06 1.27667e-06 -4.15559e-08 0.00210215 0.0683528 0.0661451 5.19049 168.772 163.321
-0.308959 -10.046 -9.7215 1.29694e-06 6.1756e-07 -6.79387e-07 0.00220225 0.0716077 0.0692948 5.43765 176.809 171.098
-0.308959 -10.046 -9.7215 6.37831e-07 -2.02709e-08 -6.59117e-07 0.00230235 0.0748626 0.0724446 5.68482 184.846 178.876
-0.308959 -10.046 -9.7215 -1.41324e-13 -2.78021e-13 -3.82122e-12 0.00240245 0.0781175 0.0755944 5.93199 192.883 186.653
-0.308959 -10.046 -9.7215 2.02704e-08 6.59112e-07 6.37827e-07 0.00250256 0.0813724 0.0787441 6.17915 200.919 194.43
-0.308959 -10.046 -9.7215 6.79383e-07 1.29694e-06 6.17557e-07 0.00260266 0.0846273 0.0818939 6.42632 208.956 202.207
-0.308959 -10.046 -9.7215 1.31721e-06 1.27667e-06 -4.15559e-08 0.00270276 0.0878822 0.0850437 6.67348 216.993 209.984
-0.308959 -10.046 -9.7215 1.29694e-06 6.1756e-07 -6.79387e-07 0.00280286 0.0911371 0.0881934 6.92065 225.03 217.761
-0.308959 -10.046 -9.7215 6.37831e-07 -2.02709e-08 -6.59117e-07 0.00290297 0.094392 0.0913432 7.16782 233.066 225.539
-0.308959 -10.046 -9.7215 -1.67249e-13 -3.54788e-13 -3.79453e-12 0.00300307 0.0976469 0.0944929 7.41498 241.103 233.316
-0.308959 -10.046 -9.7215 2.02704e-08 6.59112e-07 6.37827e-07 0.00310317 0.100902 0.0976427 7.66215 249.14 241.093
-0.308959 -10.046 -9.7215 6.79383e-07 1.29694e-06 6.17557e-07 0.00320327 0.104157 0.100792 7.90931 257.177 248.87
-0.308959 -10.046 -9.7215 1.31721e-06 1.27667e-06 -4.15559e-08 0.00330337 0.107412 0.103942 8.15648 265.214 256.647
-0.308959 -10.046 -9.7215 1.29694e-06 6.1756e-07 -6.79387e-07 0.00340348 0.110666 0.107092 8.40365 273.25 264.425
-0.308959 -10.046 -9.7215 6.37831e-07 -2.02709e-08 -6.59117e-07 0.00350358 0.113921 0.110242 8.65081 281.287 272.202
-0.308959 -10.046 -9.7215 -1.67149e-13 -4.62986e-13 -3.79589e-12 0.00360368 0.117176 0.113392 8.89798 289.324 279.979
-0.308959 -10.046 -9.7215 2.02702e-08 6.59112e-07 6.37827e-07 0.00370378 0.120431 0.116541 9.14514 297.361 287.756
-0.308959 -10.046 -9.7215 6.79383e-07 1.29694e-06 6.17557e-07 0.00380389 0.123686 0.119691 9.39231 305.397 295.533
-0.308959 -10.046 -9.7215 1.31721e-06 1.27667e-06 -4.15559e-08 0.00390399 0.126941 0.122841 9.63947 313.434 303.311
-0.308959 -10.046 -9.7215 1.29694e-06 6.1756e-07 -6.79387e-07 0.00400409 0.130196 0.125991 9.88664 321.471 311.088
-0.308959 -10.046 -9.7215 6.37831e-07 -2.02709e-08 -6.59117e-07 0.00410419 0.133451 0.12914 10.1338 329.508 318.865
-0.308959 -10.046 -9.7215 -1.52512e-13 -4.99755e-13 -3.78072e-12 0.00420429 0.136706 0.13229 10.381 337.545 326.642
-0.308959 -10.046 -9.7215 2.02702e-08 6.59112e-07 6.37827e-07 0.0043044 0.139961 0.13544 10.6281 345.581 334.419
-0.308959 -10.046 -9.7215 6.79383e-07 1.29694e-06 6.17557e-07 0.0044045 0.143215 0.13859 10.8753 353.618 342.197
-0.308959 -10.046 -9.7215 1.31721e-06 1.27667e-06 -4.15559e-08 0.0045046 0.14647 0.141739 11.1225 361.655 349.974
-0.308959 -10.046 -9.7215 1.29694e-06 6.1756e-07 -6.79387e-07 0.0046047 0.149725 0.144889 11.3696 369.692 357.751
-0.308959 -10.046 -9.7215 6.37831e-07 -2.02709e-08 -6.59117e-07 0.00470481 0.15298 0.148039 11.6168 377.728 365.528
-0.308959 -10.046 -9.7215 -2.43236e-13 -4.70536e-13 -3.75518e-12 0.00480491 0.156235 0.151189 11.864 385.765 373.305
-0.308959 -10.046 -9.7215 2.02702e-08 6.59112e-07 6.37827e-07 0.00490501 0.15949 0.154338 12.1111 393.802 381.082
-0.308959 -10.046 -9.7215 6.79383e-07 1.29694e-06 6.17557e-07 0.00500511 0.162745 0.157488 12.3583 401.839 388.86
-0.308959 -10.046 -9.7215 1.31721e-06 1.27667e-06 -4.1556e-08 0.00510522 0.166 0.160638 12.6055 409.876 396.637
-0.308959 -10.046 -9.7215 1.29694e-06 6.1756e-07 -6.79387e-07 0.00520532 0.169255 0.163788 12.8526 417.912 404.414
-0.308959 -10.046 -9.7215 6.37831e-07 -2.0271e-08 -6.59117e-07 0.00530542 0.172509 0.166937 13.0998 425.949 412.191
-0.308959 -10.046 -9.7215 -2.67421e-13 -4.92049e-13 -3.72272e-12 0.00540552 0.175764 0.170087 13.347 433.986 419.968
-0.308959 -10.046 -9.7215 2.02702e-08 6.59112e-07 6.37827e-07 0.00550562 0.179019 0.173237 13.5941 442.023 427.746
-0.308959 -10.046 -9.7215 6.79383e-07 1.29694e-06 6.17557e-07 0.00560573 0.182274 0.176387 13.8413 450.059 435.523
-0.308959 -10.046 -9.7215 1.31721e-06 1.27667e-06 -4.1556e-08 0.00570583 0.185529 0.179537 14.0885 458.096 443.3
-0.308959 -10.046 -9.7215 1.29694e-06 6.1756e-07 -6.79387e-07 0.00580593 0.188784 0.182686 14.3356 466.133 451.077
-0.308959 -10.046 -9.7215 6.37831e-07 -2.0271e-08 -6.59117e-07 0.00590603 0.192039 0.185836 14.5828 474.17 458.854
-0.308959 -10.046 -9.7215 -3.44325e-13 -5.66122e-13 -3.6854e-12 0.00600614 0.195294 0.188986 14.83 482.206 466.632
-0.308959 -10.046 -9.7215 2.02701e-08 6.59112e-07 6.37827e-07 0.00610624 0.198549 0.192136 15.0771 490.243 474.409
-0.308959 -10.046 -9.7215 6.79383e-07 1.29694e-06 6.17557e-07 0.00620634 0.201803 0.195285 15.3243 498.28 482.186
-0.308959 -10.046 -9.7215 1.31721e-06 1.27667e-06 -4.1556e-08 0.00630644 0.205058 0.198435 15.5715 506.317 489.963
-0.308959 -10.046 -9.7215 1.29694e-06 6.1756e-07 -6.79387e-07 0.00640654 0.208313 0.201585 15.8186 514.354 497.74
-0.308959 -10.046 -9.7215 6.37831e-07 -2.02711e-08 -6.59117e-07 0.00650665 0.211568 0.204735 16.0658 522.39 505.518
-0.308959 -10.046 -9.7215 -3.61598e-13 -5.42451e-13 -3.79602e-12 0.00660675 0.214823 0.207884 16.3129 530.427 513.295
-0.308959 -10.046 -9.7215 2.02702e-08 6.59112e-07 6.37827e-07 0.00670685 0.218078 0.211034 16.5601 538.464 521.072
-0.308959 -10.046 -9.7215 6.79383e-07 1.29694e-06 6.17557e-07 0.00680695 0.221333 0.214184 16.8073 546.501 528.849
-0.308959 -10.046 -9.7215 1.31721e-06 1.27667e-06 -4.15559e-08 0.00690706 0.224588 0.217334 17.0544 554.538 536.626
-0.308959 -10.046 -9.7215 1.29694e-06 6.1756e-07 -6.79387e-07 0.00700716 0.227843 0.220483 17.3016 562.574 544.404
-0.308959 -10.046 -9.7215 6.37831e-07 -2.02709e-08 -6.59117e-07 0.00710726 0.231097 0.223633 17.5488 570.611 552.181
-0.308959 -10.046 -9.7215 -1.65893e-13 -3.49507e-13 -3.82574e-12 0.00720736 0.234352 0.226783 17.7959 578.648 559.958
-0.308959 -10.046 -9.7215 2.02703e-08 6.59112e-07 6.37827e-07 0.00730747 0.237607 0.229933 18.0431 586.685 567.735
-0.308959 -10.046 -9.7215 6.79383e-07 1.29694e-06 6.17557e-07 0.00740757 0.240862 0.233083 18.2903 594.722 575.513
-0.308959 -10.046 -9.7215 1.31721e-06 1.27667e-06 -4.15559e-08 0.00750767 0.244117 0.236232 18.5374 602.758 583.29
-0.308959 -10.046 -9.7215 1.29694e-06 6.1756e-07 -6.79387e-07 0.00760777 0.247372 0.239382 18.7846 610.795 591.067
-0.308959 -10.046 -9.7215 6.37831e-07 -2.02706e-08 -6.59117e-07 0.00770787 0.250627 0.242532 19.0318 618.832 598.844
-0.308959 -10.046 -9.7215 5.84595e-14 -2.42994e-13 -3.82893e-12 0.00780798 0.253882 0.245682 19.2789 626.869 606.621
-0.308959 -10.046 -9.7215 2.02704e-08 6.59113e-07 6.37827e-07 0.00790808 0.257137 0.248831 19.5261 634.906 614.399
-0.308959 -10.046 -9.7215 6.79383e-07 1.29694e-06 6.17557e-07 0.00800818 0.260391 0.251981 19.7733 642.942 622.176
-0.308959 -10.046 -9.7215 1.31721e-06 1.27667e-06 -4.15559e-08 0.00810828 0.263646 0.255131 20.0204 650.979 629.953
-0.308959 -10.046 -9.7215 1.29694e-06 6.17561e-07 -6.79387e-07 0.00820839 0.266901 0.258281 20.2676 659.016 637.73
-0.308959 -10.046 -9.7215 6.37831e-07 -2.02705e-08 -6.59117e-07 0.00830849 0.270156 0.26143 20.5148 667.053 645.508
-0.308959 -10.046 -9.7215 2.01277e-13 -1.59749e-13 -3.79911e-12 0.00840859 0.273411 0.26458 20.7619 675.09 653.285
-0.308959 -10.046 -9.7215 2.02705e-08 6.59113e-07 6.37827e-07 0.00850869 0.276666 0.26773 21.0091 683.126 661.062
-0.308959 -10.046 -9.7215 6.79384e-07 1.29694e-06 6.17557e-07 0.00860879 0.279921 0.27088 21.2563 691.163 668.839
-0.308959 -10.046 -9.7215 1.31721e-06 1.27667e-06 -4.15559e-08 0.0087089 0.283176 0.27403 21.5034 699.2 676.616
-0.308959 -10.046 -9.7215 1.29694e-06 6.17561e-07 -6.79387e-07 0.008809 0.286431 0.277179 21.7506 707.237 684.394
-0.308959 -10.046 -9.7215 6.37831e-07 -2.02703e-08 -6.59117e-07 0.0089091 0.289685 0.280329 21.9978 715.274 692.171
-0.308959 -10.046 -9.7215 3.81539e-13 -3.82876e-14 -3.78837e-12 0.0090092 0.29294 0.283479 22.2449 723.31 699.948
-0.308959 -10.046 -9.7215 2.02706e-08 6.59113e-07 6.37827e-07 0.00910931 0.296195 0.286629 22.4921 731.347 707.725
-0.308959 -10.046 -9.7215 6.79384e-07 1.29694e-06 6.17557e-07 0.00920941 0.29945 0.289778 22.7393 739.384 715.503
-0.308959 -10.046 -9.7215 1.31721e-06 1.27667e-06 -4.15559e-08 0.00930951 0.302705 0.292928 22.9864 747.421 723.28
-0.308959 -10.046 -9.7215 1.29694e-06 6.17561e-07 -6.79387e-07 0.00940961 0.30596 0.296078 23.2336 755.458 731.057
-0.308959 -10.046 -9.7215 6.37832e-07 -2.02702e-08 -6.59117e-07 0.00950972 0.309215 0.299228 23.4808 763.495 738.834
-0.308959 -10.046 -9.7215 4.89087e-13 6.80308e-14 -3.79315e-12 0.00960982 0.31247 0.302378 23.7279 771.531 746.611
-0.308959 -10.046 -9.7215 2.02708e-08 6.59113e-07 6.37827e-07 0.00970992 0.315725 0.305527 23.9751 779.568 754.389
-0.308959 -10.046 -9.7215 6.79384e-07 1.29694e-06 6.17557e-07 0.00981002 0.31898 0.308677 24.2222 787.605 762.166
-0.308959 -10.046 -9.7215 1.31721e-06 1.27667e-06 -4.15559e-08 0.00991012 0.322234 0.311827 24.4694 795.642 769.943
-0.308959 -10.046 -9.7215 1.29694e-06 6.17561e-07 -6.79387e-07 0.0100102 0.325489 0.314977 24.7166 803.679 777.72
-0.308959 -10.046 -9.7215 6.37832e-07 -2.02702e-08 -6.59117e-07 0.0101103 0.328744 0.318126 24.9637 811.715 785.497
-0.308959 -10.046 -9.7215 5.27451e-13 1.61872e-13 -3.75386e-12 0.0102104 0.331999 0.321276 25.2109 819.752 793.275
-0.308959 -10.046 -9.7215 2.02708e-08 6.59113e-07 6.37827e-07 0.0103105 0.335254 0.324426 25.4581 827.789 801.052
-0.308959 -10.046 -9.7215 6.79384e-07 1.29694e-06 6.17557e-07 0.0104106 0.338509 0.327576 25.7052 835.826 808.829
-0.308959 -10.046 -9.7215 1.31721e-06 1.27667e-06 -4.1556e-08 0.0105107 0.341764 0.330726 25.9524 843.863 816.606
-0.308959 -10.046 -9.7215 1.29694e-06 6.17561e-07 -6.79387e-07 0.0106108 0.345019 0.333875 26.1996 851.899 824.384
-0.308959 -10.046 -9.7215 6.37832e-07 -2.02701e-08 -6.59117e-07 0.0107109 0.348274 0.337025 26.4467 859.936 832.161
-0.308959 -10.046 -9.7215 6.1208e-13 1.88467e-13 -3.78208e-12 0.010811 0.351528 0.340175 26.6939 867.973 839.938
-0.308959 -10.046 -9.7215 2.02709e-08 6.59113e-07 6.37827e-07 0.0109111 0.354783 0.343325 26.9411 876.01 847.715
-0.308959 -10.046 -9.7215 6.79384e-07 1.29694e-06 6.17557e-07 0.0110112 0.358038 0.346474 27.1882 884.047 855.492
-0.308959 -10.046 -9.7215 1.31722e-06 1.27667e-06 -4.15559e-08 0.0111114 0.361293 0.349624 27.4354 892.083 863.27
-0.308959 -10.046 -9.7215 1.29694e-06 6.17561e-07 -6.79387e-07 0.0112115 0.364548 0.352774 27.6826 900.12 871.047
-0.308959 -10.046 -9.7215 6.37832e-07 -2.02701e-08 -6.59117e-07 0.0113116 0.367803 0.355924 27.9297 908.157 878.824
-0.308959 -10.046 -9.7215 6.29275e-13 2.63141e-13 -3.76242e-12 0.0114117 0.371058 0.359074 28.1769 916.194 886.601
-0.308959 -10.046 -9.7215 2.02709e-08 6.59113e-07 6.37827e-07 0.0115118 0.374313 0.362223 28.4241 924.231 894.379
-0.308959 -10.046 -9.7215 6.79384e-07 1.29694e-06 6.17557e-07 0.0116119 0.377568 0.365373 28.6712 932.267 902.156
-0.308959 -10.046 -9.7215 1.31722e-06 1.27667e-06 -4.1556e-08 0.011712 0.380822 0.368523 28.9184 940.304 909.933
-0.308959 -10.046 -9.7215 1.29694e-06 6.17561e-07 -6.79387e-07 0.0118121 0.384077 0.371673 29.1656 948.341 917.71
-0.308959 -10.046 -9.7215 6.37832e-07 -2.027e-08 -6.59117e-07 0.0119122 0.387332 0.374822 29.4127 956.378 925.487
-0.308959 -10.046 -9.7215 6.9804e-13 2.7352e-13 -3.7504e-12 0.0120123 0.390587 0.377972 29.6599 964.415 933.265
-0.308959 -10.046 -9.7215 2.0271e-08 6.59113e-07 6.37827e-07 0.0121124 0.393842 0.381122 29.9071 972.451 941.042
-0.308959 -10.046 -9.7215 6.79384e-07 1.29694e-06 6.17557e-07 0.0122125 0.397097 0.384272 30.1542 980.488 948.819
-0.308959 -10.046 -9.7215 1.31722e-06 1.27667e-06 -4.1556e-08 0.0123126 0.400352 0.387422 30.4014 988.525 956.596
-0.308959 -10.046 -9.7215 1.29695e-06 6.17561e-07 -6.79387e-07 0.0124127 0.403607 0.390571 30.6486 996.562 964.374
-0.308959 -10.046 -9.7215 6.37832e-07 -2.027e-08 -6.59117e-07 0.0125128 0.406862 0.393721 30.8957 1004.6 972.151
-0.308959 -10.046 -9.7215 7.02906e-13 2.7751e-13 -3.74493e-12 0.0126129 0.410116 0.396871 31.1429 1012.64 979.928
-0.308959 -10.046 -9.7215 2.0271e-08 6.59113e-07 6.37827e-07 0.012713 0.413371 0.400021 31.3901 1020.67 987.705
-0.308959 -10.046 -9.7215 6.79384e-07 1.29694e-06 6.17557e-07 0.0128131 0.416626 0.40317 31.6372 1028.71 995.482
-0.308959 -10.046 -9.7215 1.31722e-06 1.27667e-06 -4.1556e-08 0.0129132 0.419881 0.40632 31.8844 1036.75 1003.26
-0.308959 -10.046 -9.7215 1.29695e-06 6.17561e-07 -6.79387e-07 0.0130133 0.423136 0.40947 32.1316 1044.78 1011.04
-0.308959 -10.046 -9.7215 6.37832e-07 -2.02701e-08 -6.59117e-07 0.0131134 0.426391 0.41262 32.3787 1052.82 1018.81
-0.308959 -10.046 -9.7215 5.89387e-13 2.38267e-13 -3.68827e-12 0.0132135 0.429646 0.41577 32.6259 1060.86 1026.59
-0.308959 -10.046 -9.7215 2.02709e-08 6.59113e-07 6.37828e-07 0.0133136 0.432901 0.418919 32.8731 1068.89 1034.37
-0.308959 -10.046 -9.7215 6.79384e-07 1.29694e-06 6.17557e-07 0.0134137 0.436156 0.422069 33.1202 1076.93 1042.15
-0.308959 -10.046 -9.7215 1.31722e-06 1.27667e-06 -4.15559e-08 0.0135138 0.43941 0.425219 33.3674 1084.97 1049.92
0 0 -9.8 41.5671 1351.58 1308.02 52.8614 1718.83 1663.43 33.6123 1092.93 1057.7
0 0 -9.8 1352.33 1332.13 -18.1454 53.5247 1740.4 1684.41 33.8572 1100.89 1065.48
0 0 -9.8 1333.1 13.4828 -1321.63 54.3319 1766.64 1709.93 34.1021 1108.86 1073.26
0 0 -9.8 14.2416 -1296.95 -1309.13 55.0026 1788.45 1731.15 34.347 1116.82 1081.03
0 0 -9.8 -1295.95 -1276.66 17.2756 55.8206 1815.05 1757 34.5919 1124.78 1088.81
0 0 -9.8 -1275.88 42.595 1320.55 56.5 1837.14 1778.5 34.8368 1132.74 1096.59
0 0 -9.8 43.1336 1338.07 1292.93 57.0305 1854.39 1795.31 35.0817 1140.71 1104.37
0 0 -9.8 1338.39 1303.45 -32.8563 57.4286 1867.34 1807.96 35.3266 1148.67 1112.15
0 0 -9.8 1303.77 -22.3342 -1328.11 57.8267 1880.28 1820.6 35.5715 1156.63 1119.92
0 0 -9.8 -22.0106 -1317.59 -1293.5 58.2248 1893.23 1833.25 35.8164 1164.6 1127.7
0 0 -9.8 -1317.27 -1282.97 32.2879 58.6229 1906.17 1845.89 36.0613 1172.56 1135.48
0 0 -9.8 -1282.65 42.81 1327.54 59.0211 1919.12 1858.53 36.3062 1180.52 1143.26
0 0 -9.8 43.1336 1338.07 1292.93 59.4192 1932.06 1871.18 36.5511 1188.49 1151.03
0 0 -9.8 1338.39 1303.45 -32.8563 59.8173 1945.01 1883.82 36.796 1196.45 1158.81
0 0 -9.8 1303.77 -22.3342 -1328.11 60.2154 1957.95 1896.46 37.0409 1204.41 1166.59
0 0 -9.8 -22.0106 -1317.59 -1293.5 60.6135 1970.9 1909.11 37.2858 1212.37 1174.37
0 0 -9.8 -1317.27 -1282.97 32.2879 61.0116 1983.84 1921.75 37.5307 1220.34 1182.15
0 0 -9.8 -1282.65 42.81 1327.54 61.4098 1996.79 1934.4 37.7756 1228.3 1189.92
0 0 -9.8 43.1336 1338.07 1292.93 61.8079 2009.73 1947.04 38.0205 1236.26 1197.7
0 0 -9.8 1338.39 1303.45 -32.8563 62.206 2022.68 1959.68 38.2654 1244.23 1205.48
0 0 -9.8 1303.77 -22.3342 -1328.11 62.6041 2035.62 1972.33 38.5103 1252.19 1213.26
0 0 -9.8 -22.0106 -1317.59 -1293.5 63.0022 2048.57 1984.97 38.7552 1260.15 1221.04
0 0 -9.8 -1317.27 -1282.97 32.2879 63.4003 2061.51 1997.62 39.0001 1268.12 1228.81
0 0 -9.8 -1282.65 42.81 1327.54 63.7985 2074.46 2010.26 39.245 1276.08 1236.59
0 0 -9.8 43.1336 1338.07 1292.93 64.1966 2087.4 2022.9 39.4899 1284.04 1244.37
0 0 -9.8 1338.39 1303.45 -32.8563 64.5947 2100.35 2035.55 39.7348 1292 1252.15
0 0 -9.8 1303.77 -22.3342 -1328.11 64.9928 2113.29 2048.19 39.9797 1299.97 1259.92
0 0 -9.8 -22.0106 -1317.59 -1293.5 65.3909 2126.24 2060.84 40.2246 1307.93 1267.7
0 0 -9.8 -1317.27 -1282.97 32.2879 65.789 2139.18 2073.48 40.4695 1315.89 1275.48
0 0 -9.8 -1282.65 42.81 1327.54 66.1872 2152.13 2086.12 40.7144 1323.86 1283.26
0 0 -9.8 43.1336 1338.07 1292.93 66.5853 2165.07 2098.77 40.9593 1331.82 1291.04
0 0 -9.8 1338.39 1303.45 -32.8563 66.9834 2178.02 2111.41 41.2042 1339.78 1298.81
0 0 -9.8 1303.77 -22.3342 -1328.11 67.3815 2190.96 2124.06 41.4491 1347.75 1306.59
0 0 -9.8 -22.0106 -1317.59 -1293.5 67.7796 2203.91 2136.7 41.694 1355.71 1314.37
0 0 -9.8 -1317.27 -1282.97 32.2879 68.1777 2216.85 2149.34 41.9389 1363.67 1322.15
0 0 -9.8 -1282.65 42.81 1327.54 68.5759 2229.8 2161.99 42.1838 1371.63 1329.92
0 0 -9.8 43.1336 1338.07 1292.93 68.974 2242.74 2174.63 42.4287 1379.6 1337.7
0 0 -9.8 1338.39 1303.45 -32.8563 69.3721 2255.69 2187.28 42.6736 1387.56 1345.48
0 0 -9.8 1303.77 -22.3342 -1328.11 69.7702 2268.63 2199.92 42.9185 1395.52 1353.26
0 0 -9.8 -22.0106 -1317.59 -1293.5 70.1683 2281.58 2212.56 43.1634 1403.49 1361.04
0 0 -9.8 -1317.27 -1282.97 32.2879 70.5665 2294.52 2225.21 43.4083 1411.45 1368.81
0 0 -9.8 -1282.65 42.81 1327.54 70.9646 2307.47 2237.85 43.6532 1419.41 1376.59
0 0 -9.8 43.1336 1338.07 1292.93 71.3627 2320.41 2250.5 43.8981 1427.38 1384.37
0 0 -9.8 1338.39 1303.45 -32.8563 71.7608 2333.36 2263.14 44.143 1435.34 1392.15
0 0 -9.8 1303.77 -22.3342 -1328.11 72.1589 2346.3 2275.78 44.3879 1443.3 1399.93
0 0 -9.8 -22.0106 -1317.59 -1293.5 72.557 2359.25 2288.43 44.6328 1451.26 1407.7
0 0 -9.8 -1317.27 -1282.97 32.2879 72.9552 2372.19 2301.07 44.8777 1459.23 1415.48
0 0 -9.8 -1282.65 42.81 1327.54 73.3533 2385.14 2313.72 45.1226 1467.19 1423.26
0 0 -9.8 43.1336 1338.07 1292.93 73.7514 2398.08 2326.36 45.3675 1475.15 1431.04
0 0 -9.8 1338.39 1303.45 -32.8563 74.1495 2411.03 2339.01 45.6124 1483.12 1438.81
0 0 -9.8 1303.77 -22.3342 -1328.11 74.5476 2423.97 2351.65 45.8573 1491.08 1446.59
0 0 -9.8 -22.0106 -1317.59 -1293.5 74.9457 2436.92 2364.29 46.1022 1499.04 1454.37
0 0 -9.8 -1317.27 -1282.97 32.2879 75.3439 2449.86 2376.94 46.3471 1507.01 1462.15
0 0 -9.8 -1282.65 42.81 1327.54 75.742 2462.81 2389.58 46.592 1514.97 1469.93
0 0 -9.8 43.1336 1338.07 1292.93 76.1401 2475.75 2402.23 46.8369 1522.93 1477.7
5.75485 7.85031 -7.26679 1383.29 2765.51 1385.89 100.397 3266.47 3169.63 47.0517 1530.85 1485.47
5.75128 7.77543 -7.20125 2766.81 1430.6 -1339.72 101.238 3295.86 3198.3 47.2665 1538.78 1493.23
5.69839 7.84562 -7.15296 1431.93 -1294.46 -2722.71 102.087 3325.45 3227.19 47.4816 1546.7 1501
5.69216 7.8371 -7.1146 -1293.12 -2677.09 -1387.47 102.938 3355.16 3256.18 47.6967 1554.62 1508.76
5.71297 7.86831 -7.10303 -2674.89 -1313.58 1365.01 104.187 3397.85 3297.78 47.9118 1562.54 1516.52
5.67493 7.74355 -6.95096 -1312.63 1398.19 2707.27 104.858 3421.72 3321.1 48.127 1570.46 1524.29
5.72219 7.74315 -6.90186 1400.43 2782.33 1385.66 106.115 3464.7 3362.98 48.342 1578.39 1532.05
5.62952 7.81904 -6.94128 2783.71 1433.11 -1354.19 106.982 3494.99 3392.54 48.5574 1586.31 1539.81
5.64578 7.77361 -6.84563 1434.98 -1291.15 -2722.34 108.064 3532.27 3428.89 48.7728 1594.23 1547.57
5.60416 7.71431 -6.74369 -1289.73 -2673.8 -1387.67 108.942 3562.94 3458.82 48.9883 1602.15 1555.34
5.65803 7.72323 -6.73276 -2672.38 -1339.09 1337.07 109.819 3593.57 3488.71 49.2037 1610.08 1563.1
5.62475 7.74541 -6.73355 -1337.65 1386.25 2720.29 110.702 3624.42 3518.82 49.4191 1618 1570.86
5.68544 7.76614 -6.63302 1388.62 2800.11 1415.32 111.998 3668.83 3562.09 49.6343 1625.92 1578.62
5.61317 7.7305 -6.67656 2801.14 1451.28 -1353.53 112.697 3693.7 3586.39 49.8498 1633.84 1586.38
5.57685 7.6807 -6.48891 1453.67 -1272.82 -2722.6 113.997 3738.26 3629.81 50.0655 1641.77 1594.14
5.68097 7.76109 -6.61498 -1271.33 -2671.34 -1403.72 114.898 3769.77 3660.57 50.2807 1649.69 1601.91
5.65156 7.65094 -6.41997 -2669.33 -1335.56 1337.68 116.021 3808.59 3698.42 50.4961 1657.61 1609.67
5.64376 7.64058 -6.38369 -1334.05 1389.63 2719.95 116.927 3840.27 3729.34 50.7114 1665.54 1617.43
5.57446 7.61093 -6.32391 1391.16 2772.42 1385.17 117.838 3872.14 3760.44 50.9272 1673.46 1625.19
5.55646 7.65452 -6.40024 2773.97 1438.4 -1339.29 118.757 3904.29 3791.81 51.1429 1681.38 1632.95
5.52497 7.61158 -6.25291 1440.93 -1253.83 -2690.79 120.095 3950.19 3836.54 51.3589 1689.31 1640.71
5.55352 7.58341 -6.2335 -1252.72 -2652.04 -1403.12 120.821 3976.02 3861.78 51.5747 1697.23 1648.46
5.54525 7.5726 -6.1994 -2649.47 -1316.26 1337.26 122.168 4022.28 3906.86 51.7905 1705.15 1656.22
5.53714 7.56143 -6.16361 -1314.65 1392.32 2703.12 123.102 4054.95 3938.74 52.0064 1713.08 1663.98
5.4915 7.49665 -6.06797 1393.93 2758.59 1368.7 124.039 4087.73 3970.73 52.2225 1721 1671.74
5.51961 7.46828 -6.05058 2760.75 1442.34 -1322.23 125.205 4128.09 4010.08 52.4385 1728.92 1679.5
5.5111 7.45682 -6.01541 1443.99 -1265.58 -2705.55 126.153 4161.25 4042.44 52.6545 1736.85 1687.26
5.50226 7.58258 -6.15998 -1263.94 -2648.89 -1388.77 127.099 4194.36 4074.76 52.8705 1744.77 1695.02
5.4817 7.48665 -5.93225 -2646.17 -1296.61 1353.64 128.488 4242.13 4121.3 53.0867 1752.69 1702.78
5.47716 7.48049 -5.91394 -1295.43 1395.01 2686.54 129.238 4268.8 4147.36 53.3028 1760.62 1710.53
5.49227 7.43436 -5.8436 1397.77 2779.82 1386.24 130.633 4316.79 4194.13 53.5189 1768.54 1718.29
5.4176 7.46733 -5.8099 2781.53 1445.09 -1340.41 131.597 4350.54 4227.07 53.7354 1776.47 1726.05
5.40876 7.45532 -5.77561 1446.81 -1281.06 -2723.69 132.566 4384.46 4260.16 53.9518 1784.39 1733.81
5.4247 7.47921 -5.74281 -1278.74 -2644.38 -1369.57 133.777 4426.41 4301.07 54.1682 1792.31 1741.56
5.40958 7.38846 -5.6507 -2642.62 -1308.97 1337.79 134.757 4460.71 4334.54 54.3847 1800.24 1749.32
5.32781 7.2676 -5.7163 -1307.22 1398.03 2701.32 135.731 4494.81 4367.82 54.6015 1808.16 1757.08
5.3803 7.34637 -5.6356 1399.82 2762.96 1367.3 136.72 4529.44 4401.61 54.8181 1816.09 1764.83
5.41618 7.4003 -5.58651 2765.36 1449.07 -1320.17 137.949 4572.05 4443.16 55.0346 1824.01 1772.59
5.3876 7.36125 -5.4805 1450.87 -1258.23 -2704.99 138.937 4606.67 4476.94 55.2511 1831.94 1780.35
5.2865 7.28473 -5.41321 -1255.26 -2604.33 -1352.87 140.386 4656.57 4525.57 55.4681 1839.86 1788.1
5.3825 7.28389 -5.43406 -2602.49 -1289.45 1317.07 141.386 4691.63 4559.78 55.6847 1847.78 1795.86
5.34466 7.29999 -5.41878 -1286.97 1401.74 2684.95 142.637 4734.98 4602.05 55.9015 1855.71 1803.61
5.38628 7.35935 -5.4784 1403.61 2749.31 1349.7 143.644 4770.29 4636.51 56.118 1863.63 1811.37
5.32546 7.27352 -5.35187 2751.21 1414.99 -1339.98 144.66 4805.91 4671.27 56.3349 1871.56 1819.13
5.35903 7.25197 -5.35426 1416.88 -1274.75 -2687.63 145.674 4841.47 4705.96 56.5516 1879.48 1826.88
5.33883 7.22663 -5.19965 -1271.63 -2581.39 -1313.43 147.163 4892.82 4756.01 56.7683 1887.41 1834.64
5.29154 7.22716 -5.23731 -2580.03 -1265.99 1317.92 147.967 4921.39 4783.92 56.9853 1895.33 1842.39
5.25006 7.171 -5.10072 -1262.83 1425.42 2684.7 149.463 4972.98 4834.2 57.2024 1903.26 1850.15
5.21719 7.26102 -5.21162 1427.38 2752.42 1328.84 150.497 5009.23 4869.57 57.4197 1911.18 1857.9
5.24189 7.23181 -5.01835 2755.05 1418.8 -1339.75 151.784 5053.88 4913.11 57.6369 1919.11 1865.65
5.23155 7.21771 -4.98584 1420.8 -1270.81 -2687.86 152.828 5090.47 4948.81 57.8541 1927.03 1873.41
5.22356 7.2046 -5.04289 -1268.8 -2618.58 -1353.27 153.874 5127.14 4984.59 58.0714 1934.96 1881.16
5.13898 7.15371 -4.96012 -2616.56 -1283.34 1336.97 154.927 5164.01 5020.56 58.289 1942.88 1888.92
5.17288 7.06516 -4.86093 -1280.03 1449.61 2726.23 156.457 5216.82 5072.04 58.5065 1950.81 1896.67
5.17638 7.13979 -4.89539 1451.07 2777.36 1329.91 157.294 5246.53 5101.05 58.7239 1958.73 1904.42
5.10504 7.03793 -4.83625 2780.73 1444.72 -1339.27 158.84 5299.91 5153.08 58.9417 1966.66 1912.18
5.09459 7.02382 -4.80562 1446.79 -1267.84 -2711.1 159.901 5337.07 5189.34 59.1595 1974.59 1919.93
5.17835 7.07573 -4.80331 -1265.72 -2638.08 -1375.61 160.976 5374.77 5226.12 59.3769 1982.51 1927.68
5.14055 6.95483 -4.67125 -2635.24 -1278.62 1360.2 162.314 5421.23 5271.43 59.5945 1990.44 1935.44
5.12979 6.94038 -4.64098 -1276.51 1433.32 2706.51 163.386 5458.85 5308.13 59.8121 1998.36 1943.19
5.09604 7.03152 -4.66046 1435.46 2780.71 1348.82 164.469 5496.81 5345.17 60.0299 2006.29 1950.94
5.0367 6.94519 -4.64048 2784.23 1469.05 -1318.39 166.051 5551.45 5398.42 60.2479 2014.21 1958.69
5.03104 6.93737 -4.62445 1470.6 -1264.04 -2731.21 166.915 5582.09 5428.34 60.466 2022.14 1966.45
5.04917 6.89626 -4.50794 -1260.46 -2609.19 -1351.77 168.508 5637.13 5481.99 60.6839 2030.07 1974.2
5.03827 6.8813 -4.47815 -2606.98 -1275.47 1334.84 169.605 5675.59 5519.51 60.9019 2037.99 1981.95
5.0274 6.86642 -4.44874 -1273.24 1411.93 2682.13 170.709 5714.29 5557.27 61.12 2045.92 1989.7
4.99656 6.89381 -4.38293 1414.93 2784.73 1373.19 172.083 5762.04 5603.82 61.3381 2053.85 1997.45
5.03054 6.87294 -4.38618 2787.01 1451.89 -1338.21 173.2 5801.18 5642.02 61.5562 2061.77 2005.2
5.01971 6.858 -4.35727 1454.16 -1259.81 -2710.59 174.311 5840.18 5680.06 61.7743 2069.7 2012.96
4.90076 6.82778 -4.28882 -1256.08 -2583.12 -1330.02 175.939 5896.43 5734.89 61.9928 2077.62 2020.71
4.92204 6.78939 -4.25835 -2580.78 -1249.12 1334.93 177.073 5936.16 5773.65 62.2112 2085.55 2028.46
4.87941 6.73105 -4.14827 -1246.04 1440.58 2683.71 178.464 5984.51 5820.79 62.4299 2093.48 2036.21
4.91381 6.71084 -4.15299 1442.93 2765.08 1325.35 179.599 6024.28 5859.59 62.6483 2101.41 2043.96
4.91543 6.71329 -4.15831 2767.45 1407.32 -1363.04 180.738 6064.21 5898.54 62.8668 2109.33 2051.71
4.95671 6.70254 -4.18022 1410.49 -1254.31 -2661.52 182.151 6113.36 5946.47 63.0851 2117.26 2059.46
4.90052 6.62376 -4.10799 -1251.91 -2578.42 -1329.48 183.298 6153.56 5985.69 63.3037 2125.19 2067.21
4.84156 6.68047 -4.05867 -2576 -1246.07 1333.22 184.447 6193.83 6024.97 63.5224 2133.11 2074.96
4.81113 6.57128 -3.90315 -1242.11 1468.36 2707.62 186.122 6251.78 6081.45 63.7413 2141.04 2082.71
4.84289 6.68656 -3.92828 1470.82 2792.67 1325.01 187.283 6292.45 6121.13 63.96 2148.97 2090.46
4.86496 6.64682 -3.96862 2794.41 1386.02 -1411.3 188.198 6324.89 6152.8 64.1787 2156.9 2098.21
4.82298 6.65655 -3.94755 1390.05 -1273.59 -2660.28 189.888 6383.38 6209.81 64.3975 2164.82 2105.96
4.7336 6.59944 -3.87973 -1271.07 -2573.4 -1305.36 191.062 6424.5 6249.93 64.6167 2172.75 2113.71
4.79472 6.54833 -3.8687 -2570.04 -1189.89 1383.58 192.52 6475.22 6299.38 64.8356 2180.68 2121.46
4.78807 6.47219 -3.77637 -1187.35 1471.45 2655.68 193.699 6516.56 6339.7 65.0546 2188.6 2129.21
4.79256 6.55069 -3.73479 1473.99 2743.85 1273.29 194.88 6557.95 6380.08 65.2735 2196.53 2136.96
4.734 6.5381 -3.67673 2746.42 1362.19 -1387.34 196.066 6599.53 6420.65 65.4926 2204.46 2144.71
4.70694 6.4984 -3.68033 1366.41 -1242.83 -2605.66 197.801 6659.57 6479.17 65.7119 2212.39 2152.46
4.68322 6.46376 -3.69104 -1241 -2541.64 -1303.95 198.738 6692.77 6511.57 65.9312 2220.32 2160.21
4.62678 6.45381 -3.6396 -2537.38 -1158.24 1382.93 200.477 6752.96 6570.24 66.1508 2228.24 2167.95
4.65231 6.35385 -3.54952 -1155.59 1474.52 2626.65 201.682 6795.17 6611.41 66.3702 2236.17 2175.7
4.64047 6.33778 -3.52445 1477.19 2718.99 1245.6 202.893 6837.58 6652.78 66.5897 2244.1 2183.45
4.6835 6.32923 -3.54752 2722.55 1367.92 -1358.01 204.392 6889.74 6703.64 66.809 2252.03 2191.2
4.60943 6.29592 -3.45977 1370.62 -1264.42 -2631.32 205.611 6932.44 6745.29 67.0286 2259.96 2198.95
4.70871 6.29964 -3.47026 -1261.71 -2537.27 -1278.95 206.831 6975.23 6787.03 67.2478 2267.88 2206.7
4.53649 6.33128 -3.44828 -2532.83 -1126.9 1409.81 208.608 7036.76 6847.01 67.4677 2275.81 2214.44
4.65688 6.36312 -3.50154 -1124.95 1478.07 2599.42 209.578 7071.09 6880.51 67.6871 2283.74 2222.19
4.61924 6.24204 -3.41413 1482.55 2753.17 1274.72 211.362 7132.92 6940.78 67.9067 2291.67 2229.94
4.60751 6.22601 -3.39005 2755.97 1371.51 -1388.21 212.601 7176.34 6983.13 68.1263 2299.6 2237.69
4.46789 6.23719 -3.30725 1374.33 -1290.85 -2661.06 213.844 7219.88 7025.6 68.3464 2307.53 2245.44
4.54811 6.21726 -3.21681 -1287.08 -2531.38 -1247.98 215.39 7273.68 7078.05 68.5662 2315.46 2253.18
4.5357 6.20076 -3.19272 -2528.55 -1149.75 1382.82 216.637 7317.37 7120.67 68.786 2323.38 2260.93
4.45722 6.15633 -3.22153 -1146.88 1482.12 2625.34 217.894 7361.36 7163.58 69.0061 2331.31 2268.68
4.52816 6.11921 -3.23259 1486.79 2785.46 1302.86 219.715 7424.5 7225.11 69.226 2339.24 2276.43
4.52166 6.11045 -3.21997 2787.52 1374.98 -1416.45 220.713 7459.79 7259.56 69.4459 2347.17 2284.17
4.44926 6.07908 -3.14362 1379.71 -1254.02 -2629.29 222.549 7523.4 7321.56 69.666 2355.1 2291.92
4.46734 6.17323 -3.18529 -1251.1 -2527.96 -1280.94 223.815 7567.76 7364.83 69.8861 2363.03 2299.67
4.45499 6.15609 -3.16104 -2524.99 -1177.92 1351.52 225.095 7612.6 7408.57 70.1062 2370.96 2307.41
4.3745 6.04596 -3.00616 -1173.96 1487.64 2657.62 226.678 7667.67 7462.26 70.3266 2378.89 2315.16
4.25625 5.99514 -3.06562 1490.63 2761.24 1274.97 227.961 7712.57 7506.05 70.5474 2386.82 2322.91
4.24482 5.9786 -3.04373 2764.28 1380.08 -1388.18 229.257 7757.89 7550.25 70.7682 2394.75 2330.65
4.34389 5.93233 -2.94379 1384.98 -1219.7 -2600.15 231.125 7822.65 7613.37 70.9887 2402.68 2338.4
4.35352 5.94783 -2.90489 -1217.52 -2523.83 -1310.55 232.154 7858.99 7648.83 71.2092 2410.61 2346.15
4.37728 5.91098 -2.94584 -2518.87 -1140.11 1383.55 234.032 7924.09 7712.29 71.4296 2418.54 2353.89
4.29934 5.93951 -2.92526 -1137.02 1490.93 2623.53 235.338 7969.83 7756.9 71.6502 2426.47 2361.64
4.30371 5.87817 -2.87297 1494.04 2731.32 1242.07 236.646 8015.65 7801.58 71.8708 2434.4 2369.39
4.26867 5.89515 -2.92646 2735.49 1385.97 -1353.83 238.276 8072.35 7856.86 72.0916 2442.33 2377.13
4.25586 5.88245 -2.79148 1389.14 -1244.12 -2628.56 239.598 8118.62 7901.99 72.3124 2450.26 2384.88
4.22814 5.77513 -2.73921 -1240.97 -2519.31 -1282.65 240.914 8164.71 7946.94 72.5332 2458.19 2392.62
4.2364 5.78579 -2.75473 -2514.15 -1105.31 1413.73 242.832 8231.17 8011.72 72.7541 2466.12 2400.37
4.25667 5.74619 -2.73248 -1102.07 1525.85 2623.43 244.168 8277.97 8057.37 72.9749 2474.05 2408.11
4.15209 5.73828 -2.66628 1528.14 2703.29 1179.96 245.221 8315.1 8093.59 73.196 2481.98 2415.86
4.2744 5.70347 -2.70688 2708.55 1360.7 -1352.06 247.156 8382.24 8159.03 73.4167 2489.91 2423.61
4.26191 5.68675 -2.68597 1363.96 -1238.69 -2598.04 248.498 8429.24 8204.87 73.6375 2497.84 2431.35
4.17467 5.7766 -2.54378 -1234.31 -2447.03 -1216.82 250.167 8487.31 8261.49 73.8585 2505.77 2439.1
4.14697 5.73614 -2.55155 -2443.72 -1102.12 1346.1 251.517 8534.58 8307.58 74.0797 2513.7 2446.84
4.12143 5.62674 -2.61581 -1098.8 1461.26 2555.96 252.87 8581.94 8353.77 74.3009 2521.63 2454.59
4.09078 5.58771 -2.51117 1464.63 2672.65 1212.53 254.235 8629.7 8400.34 74.5222 2529.56 2462.33
4.01654 5.55407 -2.44507 2678.11 1400.38 -1281.62 256.212 8698.19 8467.1 74.7437 2537.49 2470.08
4.1085 5.61438 -2.48836 1402.78 -1197.76 -2596.33 257.29 8736.24 8504.22 74.965 2545.42 2477.82
3.96415 5.66622 -2.50973 -1192.26 -2406.94 -1218.27 259.272 8804.93 8571.18 75.1867 2553.35 2485.57
4.00891 5.60926 -2.48796 -2403.5 -1098.98 1308.53 260.651 8853.18 8618.23 75.4082 2561.28 2493.31
4.11734 5.56076 -2.39637 -1094.39 1466.91 2557.83 262.36 8912.65 8676.2 75.6295 2569.21 2501.06
3.90355 5.5148 -2.41387 1470.39 2678.41 1211.92 263.747 8961.14 8723.49 75.8514 2577.14 2508.8
3.94867 5.45845 -2.39344 2681.91 1332.99 -1352.39 265.136 9009.72 8770.87 76.0731 2585.07 2516.54
4.04148 5.52507 -2.33014 1337.63 -1191.99 -2525.61 266.854 9069.51 8829.15 76.2946 2593.01 2524.29
4.03401 5.50518 -2.31115 -1188.46 -2403.19 -1218.32 268.249 9118.35 8876.79 76.5161 2600.94 2532.03
3.96943 5.49206 -2.32286 -2399.62 -1094.36 1309.28 269.657 9167.59 8924.8 76.7378 2608.87 2539.78
3.91581 5.48263 -2.34323 -1088.59 1507.82 2593.04 271.685 9237.93 8993.36 76.9596 2616.8 2547.52
3.90371 5.46581 -2.32455 1511.43 2718.27 1210.65 273.099 9287.37 9041.58 77.1815 2624.73 2555.27
3.86529 5.34622 -2.21575 2723.08 1376.48 -1349.84 274.849 9348.22 9100.89 77.4035 2632.66 2563.01
3.90284 5.39932 -2.22095 1380.12 -1223.6 -2600.03 276.267 9397.83 9149.27 77.6254 2640.59 2570.76
3.89075 5.38253 -2.20281 -1219.93 -2472.86 -1256.17 277.691 9447.65 9197.85 77.8473 2648.52 2578.5
3.81458 5.40063 -2.07311 -2469.16 -1127.78 1345.07 279.125 9497.76 9246.72 78.0695 2656.46 2586.24
3.90987 5.34067 -2.18171 -1122.88 1514.3 2634.05 280.891 9559.21 9306.63 78.2913 2664.39 2593.99
3.89745 5.32397 -2.16368 1518.01 2763 1248.56 282.324 9609.36 9355.53 78.5132 2672.32 2601.73
3.83637 5.31036 -2.07246 2769.06 1457.31 -1314.64 284.406 9681.57 9425.91 78.7353 2680.25 2609.47
3.77801 5.2261 -2.08983 1461.09 -1183.34 -2641.09 285.855 9732.22 9475.3 78.9576 2688.18 2617.22
3.80593 5.19952 -2.03205 -1178.32 -2467.73 -1292.18 287.643 9794.41 9535.92 79.1797 2696.11 2624.96
3.82692 5.09164 -2.01787 -2463.92 -1159.93 1307.21 289.095 9845.19 9585.44 79.4019 2704.05 2632.71
3.83193 5.16827 -2.02261 -1156.08 1440.8 2594.13 290.556 9896.3 9635.27 79.624 2711.98 2640.45
3.8198 5.15185 -2.00577 1444.65 2727.57 1286.14 292.015 9947.32 9685.02 79.8461 2719.91 2648.19
3.71888 5.07959 -1.96181 2732.71 1463.52 -1271.81 293.824 10010.3 9746.38 80.0685 2727.84 2655.94
3.73836 5.17779 -1.93566 1467.45 -1135.59 -2599.94 295.302 10061.9 9796.75 80.2909 2735.78 2663.68
3.63317 4.96103 -1.89493 -1129.28 -2382.59 -1255.7 297.424 10135.5 9868.46 80.5136 2743.71 2671.42
3.70839 5.06521 -1.94876 -2378.63 -1118.32 1263.17 298.906 10187.3 9918.99 80.7361 2751.64 2679.17
3.656 5.05849 -1.97248 -1115.5 1361.65 2474.65 300.08 10228.6 9959.25 80.9587 2759.57 2686.91
3.58159 5.02388 -1.91694 1368.07 2696.14 1331.29 302.224 10302.9 10031.7 81.1815 2767.51 2694.65
3.71256 5.00558 -1.86 2700.15 1470.63 -1232.27 303.717 10355.1 10082.6 81.4039 2775.44 2702.39
3.6862 5.03702 -1.86977 1474.68 -1091.55 -2563 305.218 10407.6 10133.8 81.6265 2783.37 2710.14
3.63083 4.96216 -1.79656 -1086.19 -2377.71 -1294.13 307.067 10471.9 10196.5 81.8492 2791.3 2717.88
3.65658 4.92799 -1.83607 -2373.64 -1152.98 1223.76 308.569 10524.4 10247.6 82.0718 2799.24 2725.62
3.64569 4.91593 -1.77348 -1146.37 1451.84 2595.86 310.744 10599.9 10321.2 82.2944 2807.17 2733.37
3.62062 4.87971 -1.79005 1455.98 2739.51 1286.38 312.26 10652.9 10372.9 82.5171 2815.1 2741.11
3.47973 4.88673 -1.7862 2743.67 1430.49 -1315.53 313.78 10706 10424.6 82.7402 2823.03 2748.85
3.49481 4.83969 -1.76281 1436 -1125.17 -2558.18 315.655 10771.1 10488.2 82.9633 2830.97 2756.59
3.55978 4.86568 -1.70641 -1120.94 -2411.4 -1292.94 317.19 10824.8 10540.5 83.1862 2838.9 2764.34
3.54254 4.77551 -1.64239 -2407.22 -1147.78 1262.42 318.712 10877.9 10592.3 83.4091 2846.83 2772.08
3.45378 4.72203 -1.57333 -1142.17 1456.24 2596.07 320.605 10943.8 10656.5 83.6323 2854.77 2779.82
3.46074 4.73127 -1.58264 1460.49 2743.65 1286 322.142 10997.4 10708.8 83.8555 2862.7 2787.56
3.36569 4.78377 -1.62731 2747.95 1435.04 -1315.24 323.689 11051.5 10761.5 84.0789 2870.63 2795.31
3.47577 4.75381 -1.55456 1441.98 -1075.85 -2514.71 325.919 11128.8 10836.8 84.302 2878.57 2803.05
3.40634 4.72185 -1.60652 -1071.47 -2363.06 -1294.18 327.482 11183.3 10890 84.5253 2886.5 2810.79
3.43281 4.76245 -1.54364 -2357.32 -1096.02 1264.56 329.392 11249.8 10954.8 84.7486 2894.43 2818.53
3.40194 4.72046 -1.50634 -1091.63 1416.71 2505.61 330.954 11304.3 11008 84.9719 2902.37 2826.28
3.36561 4.66598 -1.55782 1421.09 2657.54 1239.71 332.513 11358.8 11061 85.1953 2910.3 2834.02
3.36719 4.66771 -1.55993 2663.42 1442.87 -1223.12 334.454 11426.3 11126.8 85.4188 2918.23 2841.76
3.31742 4.60008 -1.50076 1447.3 -1069.38 -2513.58 336.023 11481 11180.2 85.6423 2926.17 2849.5
3.37089 4.53898 -1.48533 -1064.94 -2359.29 -1296.93 337.595 11535.9 11233.7 85.8657 2934.1 2857.24
3.31494 4.59956 -1.45194 -2352.03 -1046.56 1308.87 339.878 11615.1 11310.9 86.0893 2942.03 2864.99
3.45991 4.52575 -1.51206 -1041.99 1467.56 2506.69 341.476 11670.9 11365.3 86.3125 2949.97 2872.73
3.33118 4.48806 -1.39391 1473.55 2713.58 1243.58 343.429 11738.8 11431.5 86.536 2957.9 2880.47
3.30764 4.45404 -1.4143 2718.13 1401.35 -1319.79 345.018 11794.3 11485.6 86.7596 2965.84 2888.21
3.35479 4.51801 -1.46885 1405.94 -1160.31 -2562.69 346.618 11850.2 11540.1 86.983 2973.77 2895.95
3.34332 4.50266 -1.45595 -1155.69 -2402.61 -1249.93 348.22 11906.1 11594.6 87.2065 2981.7 2903.69
3.28591 4.49436 -1.38236 -2396.46 -1037.51 1362.68 350.204 11975.1 11661.8 87.4302 2989.64 2911.44
3.29549 4.43783 -1.40207 -1032.87 1523.58 2553.28 351.809 12031.1 11716.5 87.6538 2997.57 2919.18
3.24566 4.30411 -1.30964 1531.18 2815.33 1288.18 354.147 12112.2 11795.5 87.8775 3005.51 2926.92
3.2095 4.38895 -1.34455 2820.04 1451.33 -1372.17 355.765 12168.7 11850.6 88.1013 3013.44 2934.66
3.24544 4.37009 -1.34723 1457.58 -1156.11 -2609.5 357.763 12238.2 11918.3 88.3251 3021.38 2942.4
3.16219 4.32421 -1.29286 -1151.34 -2444.33 -1296.61 359.391 12295 11973.7 88.5491 3029.31 2950.14
3.13746 4.42648 -1.29316 -2439.55 -1130.66 1313.08 361.024 12351.9 12029.2 88.7731 3037.24 2957.89
3.15888 4.38816 -1.27988 -1125.84 1480.26 2602.48 362.664 12409.2 12085 88.9971 3045.18 2965.63
3.15448 4.3146 -1.23878 1486.64 2822.94 1340.66 364.684 12479.4 12153.4 89.2211 3053.11 2973.37
3.19585 4.30335 -1.24721 2827.78 1508.69 -1322.88 366.326 12536.7 12209.3 89.4449 3061.05 2981.11
3.13902 4.22638 -1.18687 1515.17 -1098.93 -2609.56 368.364 12607.5 12278.4 89.669 3068.98 2988.85
3.08623 4.21582 -1.21088 -1094.06 -2440.59 -1350.49 370.01 12664.9 12334.3 89.8931 3076.92 2996.59
3.01865 4.26003 -1.21227 -2432.67 -1076.9 1360.62 372.395 12747.6 12414.9 90.1175 3084.85 3004.33
3.15645 4.24764 -1.20512 -1071.92 1533.37 2601.03 374.062 12805.8 12471.6 90.3414 3092.78 3012.08
3.0268 4.13977 -1.1059 1539.98 2829.37 1294.42 376.12 12877.3 12541.3 90.5658 3100.72 3019.82
3.01608 4.12548 -1.09538 2834.36 1467.57 -1371.24 377.788 12935.5 12598 90.7901 3108.65 3027.56
3.11655 4.1894 -1.25541 1472.6 -1196.61 -2664.17 379.463 12993.9 12655 91.0142 3116.59 3035.3
3.0127 4.11589 -1.18361 -1191.57 -2489.57 -1302.44 381.138 13052.3 12711.9 91.2385 3124.52 3043.04
2.96181 4.04888 -1.08689 -2481.3 -1017.12 1469.57 383.583 13137.1 12794.5 91.463 3132.46 3050.78
3.02813 4.14084 -1.1088 -1013.53 1594.48 2603.07 384.907 13183.5 12839.8 91.6873 3140.39 3058.52
3.03876 4.08858 -1.08611 1602.76 2888.87 1292 387.347 13268.1 12922.3 91.9116 3148.33 3066.26
3.02788 4.07395 -1.07548 2894 1469.82 -1429.46 389.035 13327 12979.7 92.1359 3156.26 3074
2.94675 4.09785 -1.06209 1476.69 -1191.91 -2662.53 391.135 13400 13050.8 92.3604 3164.2 3081.74
2.93769 4.01611 -1.06506 -1186.71 -2482.12 -1300.87 392.838 13459.4 13108.7 92.585 3172.13 3089.49
2.92759 4.00188 -1.05514 -2476.87 -1119.07 1363.89 394.549 13519 13166.8 92.8095 3180.07 3097.23
2.81169 3.97861 -1.00797 -1113.79 1546.91 2655.24 396.268 13578.9 13225.2 93.0344 3188 3104.97
2.90488 4.03722 -1.06605 1555.42 2949.07 1400.07 398.742 13664.7 13308.8 93.259 3195.94 3112.71
2.8995 4.02969 -1.06079 2952.83 1531.13 -1427.67 400.102 13712.3 13355.2 93.4836 3203.87 3120.45
2.83867 3.94644 -1.00229 1539.73 -1130.75 -2663.53 402.59 13798.6 13439.3 93.7084 3211.81 3128.19
2.83881 3.94874 -0.957859 -1125.37 -2477.17 -1358.11 404.323 13859 13498.2 93.9332 3219.75 3135.93
2.82869 3.93471 -0.948366 -2471.78 -1171.38 1307.35 406.057 13919.4 13557.1 94.158 3227.68 3143.67
2.77116 3.85658 -0.894502 -1164.18 1556.48 2714.54 408.211 13994.2 13630 94.383 3235.62 3151.41
2.8466 3.81953 -0.99112 1561.9 2902.27 1347.13 409.948 14054.8 13689 94.6077 3243.55 3159.15
2.83615 3.80545 -0.981661 2907.74 1536.8 -1377.06 411.697 14115.7 13748.4 94.8325 3251.49 3166.89
2.71095 3.70118 -0.942373 1545.65 -1071.38 -2609.91 414.222 14203.2 13833.8 95.0576 3259.42 3174.63
2.78796 3.81013 -0.924831 -1067.47 -2473.69 -1412.86 415.609 14251.8 13881.1 95.2825 3267.36 3182.37
2.81909 3.79056 -0.834472 -2464.74 -1103.81 1368.59 418.149 14339.9 13966.9 95.5074 3275.3 3190.11
2.73414 3.80691 -0.863179 -1098.26 1561.03 2652.28 419.908 14401.2 14026.7 95.7324 3283.23 3197.85
2.77698 3.79804 -0.8716 1566.63 2846.54 1287.57 421.678 14462.8 14086.8 95.9574 3291.17 3205.6
2.80552 3.7031 -0.836785 2854.01 1545.85 -1314.97 423.87 14539 14161 96.1822 3299.1 3213.34
2.73071 3.73571 -0.830679 1551.47 -1119.98 -2663.99 425.641 14600.7 14221.1 96.4073 3307.04 3221.08
2.73065 3.73774 -0.78669 -1114.3 -2466.99 -1359.49 427.424 14662.8 14281.7 96.6323 3314.97 3228.82
2.68037 3.66668 -0.786486 -2457.79 -1041.97 1423.67 429.998 14752 14368.7 96.8575 3322.91 3236.56
2.79156 3.74975 -0.854473 -1037.88 1566.26 2596.78 431.418 14801.8 14417.1 97.0824 3330.85 3244.3
2.69747 3.62318 -0.77238 1571.98 2795.43 1231.47 433.207 14864.1 14477.9 97.3075 3338.78 3252.04
2.63464 3.67101 -0.776851 2804.74 1552.96 -1258.75 435.797 14953.8 14565.4 97.5328 3346.72 3259.78
2.61561 3.64229 -0.804193 1558.78 -1057 -2608.13 437.602 15016.7 14626.6 97.7581 3354.65 3267.52
2.65259 3.69333 -0.791943 -1049.28 -2341.11 -1298.59 439.829 15094.1 14702 97.9834 3362.59 3275.26
2.6428 3.67978 -0.783528 -2335.26 -1095.7 1247 441.638 15157 14763.4 98.2086 3370.53 3283
2.58123 3.59397 -0.774882 -1089.81 1451.3 2534.35 443.454 15220.3 14825.1 98.434 3378.46 3290.74
2.67827 3.59115 -0.799697 1457.2 2739.12 1289.36 445.271 15283.6 14886.8 98.6592 3386.4 3298.48
2.59347 3.59939 -0.825516 2747 1561.64 -1191.89 447.523 15361.8 14963 98.8846 3394.34 3306.22
2.57993 3.52194 -0.655519 1567.61 -985.101 -2545.48 449.35 15425.4 15025 99.11 3402.27 3313.96
2.58399 3.45855 -0.674923 -975.457 -2212.35 -1243.03 451.985 15516.8 15114 99.3354 3410.21 3321.7
2.57039 3.44854 -0.667513 -2206.27 -1032.26 1180.85 453.833 15581.1 15176.8 99.5608 3418.14 3329.44
2.56009 3.42605 -0.655948 -1024.29 1456.51 2474.86 456.094 15659.6 15253.3 99.7863 3426.08 3337.18
2.65754 3.42411 -0.680328 1462.6 2686.17 1230.2 457.941 15724 15316 100.011 3434.02 3344.92
2.64758 3.41122 -0.672605 2692.26 1441.47 -1256.71 459.786 15788.3 15378.6 100.237 3441.95 3352.66
2.50693 3.42765 -0.688198 1447.61 -1043.93 -2484.89 461.641 15852.8 15441.6 100.462 3449.89 3360.4
2.50142 3.42223 -0.640724 -1035.78 -2203.3 -1173.22 463.929 15932.3 15519 100.688 3457.83 3368.14
2.49196 3.40949 -0.6334 -2197.11 -958.668 1244.87 465.791 15997.1 15582.2 100.914 3465.76 3375.88
2.48774 3.33237 -0.689852 -948.645 1591.12 2534.47 468.481 16090.3 15673.1 101.139 3473.7 3383.62
2.48484 3.40024 -0.628468 1597.36 2750.92 1159.58 470.35 16155.4 15736.5 101.365 3481.64 3391.36
2.43781 3.40336 -0.618439 2759.26 1447.83 -1316.49 472.668 16235.9 15814.9 101.59 3489.57 3399.1
2.426 3.32325 -0.539941 1454.17 -1096.83 -2545.2 474.555 16301.5 15878.9 101.816 3497.51 3406.84
2.38915 3.33499 -0.623835 -1090.56 -2327.84 -1242.35 476.426 16366.7 15942.4 102.042 3505.45 3414.58
2.37976 3.32207 -0.61671 -2321.47 -1021.56 1305.73 478.317 16432.4 16006.5 102.268 3513.38 3422.32
2.33698 3.33341 -0.56752 -1011.26 1661.52 2668.14 481.045 16527 16098.6 102.494 3521.32 3430.06
2.3106 3.29753 -0.547409 1666.09 2827 1166.09 482.548 16579.4 16149.8 102.72 3529.26 3437.8
2.33793 3.2643 -0.585303 2837.38 1524.68 -1316.71 485.286 16674.3 16242.2 102.946 3537.19 3445.54
2.39771 3.21135 -0.579042 1529.24 -1157.98 -2682.68 486.786 16726.7 16293.3 103.172 3545.13 3453.28
2.40942 3.22991 -0.545552 -1147.51 -2321.03 -1176.86 489.534 16822 16386.1 103.398 3553.07 3461.02
2.30595 3.22128 -0.562134 -2314.44 -948.798 1369.76 491.458 16888.9 16451.4 103.624 3561.01 3468.76
2.39703 3.20773 -0.621748 -942.304 1594.91 2533.85 493.362 16955.2 16516 103.849 3568.94 3476.5
2.25369 3.14838 -0.566773 1603.65 2835.94 1236.66 495.737 17037.5 16596.2 104.076 3576.88 3484.24
2.30427 3.22137 -0.518839 2842.55 1465.54 -1380.61 497.661 17104.5 16661.5 104.302 3584.82 3491.97
2.26751 3.10041 -0.552519 1472.23 -1148.68 -2616.53 499.602 17172 16727.3 104.528 3592.75 3499.71
2.27112 3.10552 -0.55572 -1137.98 -2247.05 -1112.22 502.377 17268.2 16821 104.754 3600.69 3507.45
2.20463 3.01845 -0.465648 -2240.29 -878.181 1366.05 504.327 17336 16887.1 104.98 3608.63 3515.19
2.29681 3.0785 -0.465228 -869.292 1673.55 2539.92 506.719 17419 16968 105.206 3616.57 3522.93
2.18337 3.12337 -0.500182 1680.29 2773.58 1096.99 508.663 17486.6 17033.9 105.432 3624.5 3530.67
2.29311 3.07106 -0.505376 2780.36 1332.14 -1451.14 510.614 17554.5 17100 105.658 3632.44 3538.41
2.24698 3.07577 -0.49725 1341.18 -1138.54 -2475.76 513.029 17638.3 17181.7 105.885 3640.38 3546.15
2.28035 2.98767 -0.472929 -1131.65 -2236.81 -1108.33 514.999 17706.8 17248.5 106.111 3648.32 3553.89
2.0465 2.94223 -0.363447 -2229.99 -872.207 1361.74 516.952 17774.7 17314.7 106.337 3656.25 3561.63
2.21203 3.02925 -0.473641 -861.05 1747.22 2605.58 519.794 17873.2 17410.6 106.563 3664.19 3569.37
2.13728 2.92929 -0.42262 1754.15 2845.83 1095.16 521.767 17941.8 17477.5 106.79 3672.13 3577.11
2.19046 3.00047 -0.459255 2855.03 1413.42 -1444.04 524.201 18026.2 17559.8 107.016 3680.07 3584.85
2.18203 2.98902 -0.453616 1420.41 -1201.84 -2619.01 526.182 18095.1 17626.9 107.242 3688 3592.59
2.12943 2.91825 -0.418158 -1194.81 -2375.3 -1182.92 528.17 18164.2 17694.3 107.469 3695.94 3600.33
2.09218 2.9367 -0.374258 -2365.93 -858.86 1510.57 530.631 18249.6 17777.5 107.695 3703.88 3608.07
2.17239 3.04389 -0.427931 -851.819 1754.59 2603.73 532.617 18318.6 17844.8 107.922 3711.82 3615.81
2.13009 2.92005 -0.376778 1761.7 2850.21 1092.01 534.617 18388.1 17912.5 108.148 3719.75 3623.55
2.09638 2.93776 -0.419226 2861.71 1489.52 -1374.38 537.501 18488.1 18009.9 108.375 3727.69 3631.29
2.02177 2.83746 -0.370313 1496.73 -1124.61 -2618.32 539.516 18558.1 18078.2 108.601 3735.63 3639.02
2.05386 2.8801 -0.391557 -1115.1 -2289.28 -1176.12 541.992 18644 18161.9 108.828 3743.57 3646.76
2.093 2.86338 -0.436701 -2282.01 -924.257 1360.53 544.015 18714.3 18230.4 109.054 3751.51 3654.5
2.06889 2.84144 -0.253631 -917.02 1611.29 2526.37 546.03 18784.3 18298.7 109.281 3759.44 3662.24
2.03918 2.79418 -0.360514 1618.58 2778.92 1163.13 548.054 18854.7 18367.2 109.507 3767.38 3669.98
2.04891 2.80691 -0.366991 2788.6 1497.73 -1292.55 550.552 18941.4 18451.7 109.734 3775.32 3677.72
2.12117 2.90894 -0.32947 1505.12 -1036.38 -2538.96 552.593 19012.3 18520.8 109.96 3783.26 3685.46
2.05352 2.81581 -0.328608 -1024.55 -2130.12 -1106.76 555.513 19113.5 18619.4 110.187 3791.2 3693.2
2.01316 2.82791 -0.324929 -2122.64 -847.698 1277 557.567 19184.9 18689 110.414 3799.13 3700.94
1.98218 2.7168 -0.325846 -837.852 1617.53 2454.45 560.088 19272.3 18774.2 110.64 3807.07 3708.68
2.00363 2.74783 -0.297582 1625.01 2713.53 1090.32 562.138 19343.5 18843.6 110.867 3815.01 3716.42
1.96383 2.76057 -0.294343 2721.01 1349.35 -1372.59 564.187 19414.7 18913 111.094 3822.95 3724.16
1.92689 2.70818 -0.313366 1356.9 -1111.3 -2466.4 566.248 19486.3 18982.8 111.321 3830.89 3731.9
1.89944 2.67366 -0.255152 -1101.28 -2119.81 -1019.18 568.793 19574.6 19068.8 111.548 3838.82 3739.63
1.93952 2.65827 -0.300449 -2112.24 -757.054 1356.71 570.855 19646.2 19138.6 111.774 3846.76 3747.37
1.95989 2.69006 -0.229766 -744.732 1782.54 2527.14 573.844 19749.8 19239.5 112.001 3854.7 3755.11
1.97772 2.64477 -0.26143 1790.2 2792.69 1003.5 575.92 19821.9 19309.8 112.228 3862.64 3762.85
1.95939 2.61761 -0.292281 2802.93 1357.49 -1445.28 578.494 19911.2 19396.8 112.455 3870.58 3770.59
1.95189 2.60752 -0.287966 1365.18 -1178.85 -2543.3 580.571 19983.4 19467.2 112.682 3878.52 3778.33
1.91208 2.62052 -0.285002 -1171.15 -2276.65 -1105.34 582.649 20055.6 19537.5 112.908 3886.45 3786.07
1.9555 2.68088 -0.269152 -2268.83 -834.321 1435.25 584.749 20128.5 19608.6 113.135 3894.39 3793.81
1.8477 2.53373 -0.247501 -823.982 1792.82 2617.24 587.335 20218.2 19696 113.362 3902.33 3801.55
1.96858 2.63145 -0.256532 1800.65 2888.68 1088.49 589.433 20291.1 19767.1 113.589 3910.27 3809.29
1.88403 2.58452 -0.227551 2896.56 1361.37 -1534.74 591.539 20364.3 19838.4 113.816 3918.21 3817.02
1.84095 2.58472 -0.220433 1374.11 -1094.74 -2467.84 594.576 20469.4 19940.9 114.043 3926.15 3824.76
1.91085 2.61162 -0.240723 -1086.78 -2192 -1105.31 596.694 20543 20012.6 114.27 3934.08 3832.5
1.78398 2.57101 -0.249127 -2181.49 -741.8 1440.98 599.298 20633.3 20100.5 114.497 3942.02 3840.24
1.77675 2.56034 -0.244912 -733.77 1719.06 2452.47 601.426 20707.2 20172.5 114.724 3949.96 3847.98
1.82069 2.62103 -0.228327 1727.06 2729.49 1003.72 603.546 20780.8 20244.3 114.951 3957.9 3855.72
1.81644 2.47651 -0.26953 2740.17 1372.9 -1367.33 606.174 20871.9 20333.1 115.178 3965.84 3863.46
1.80502 2.46923 -0.265653 1381.01 -1086.48 -2466.49 608.311 20946.1 20405.4 115.405 3973.78 3871.2
1.84192 2.45705 -0.184351 -1078.36 -2185.29 -1107 610.449 21020.4 20477.8 115.632 3981.72 3878.94
1.72449 2.43466 -0.116772 -2172.12 -651.811 1521.87 613.541 21127.5 20582.1 115.859 3989.65 3886.68
1.71764 2.42505 -0.113144 -643.612 1805.8 2448.79 615.69 21202.1 20654.8 116.087 3997.59 3894.41
1.77257 2.42618 -0.206773 1816.68 2825.01 1010.2 618.342 21294 20744.4 116.314 4005.53 3902.15
1.79788 2.3929 -0.201589 2833.29 1296.85 -1537.36 620.501 21369 20817.5 116.541 4013.47 3909.89
1.79154 2.3838 -0.19814 1305.09 -1252.02 -2555.24 622.652 21443.7 20890.3 116.768 4021.41 3917.63
1.7801 2.43048 -0.167769 -1240.97 -2173.23 -932.858 625.327 21536.4 20980.7 116.995 4029.35 3925.37
1.7444 2.37994 -0.189891 -2164.85 -642.81 1523.61 627.5 21611.9 21054.2 117.222 4037.29 3933.11
1.73729 2.37051 -0.186272 -634.496 1811.56 2445.45 629.661 21686.9 21127.3 117.45 4045.23 3940.85
1.78019 2.37075 -0.151533 1825.14 2914.72 1091.73 632.799 21795.6 21233.3 117.677 4053.16 3948.59
1.63217 2.36286 -0.168 2920.73 1300.06 -1622.11 634.527 21855.7 21291.8 117.904 4061.1 3956.33
1.67788 2.30082 -0.15825 1313.72 -1150.21 -2460.93 637.673 21964.7 21398 118.132 4069.04 3964.06
1.73048 2.37501 -0.22864 -1141.69 -2165.73 -1026.06 639.865 22040.8 21472.1 118.359 4076.98 3971.8
1.62907 2.30813 -0.153132 -2157.14 -728.644 1431.5 642.068 22117.2 21546.6 118.586 4084.92 3979.54
1.7101 2.41591 -0.194966 -717.337 1822.6 2538.23 644.769 22210.9 21637.9 118.814 4092.86 3987.28
1.71266 2.35256 -0.178261 1831.24 2837.46 1008.92 646.977 22287.5 21712.6 119.041 4100.8 3995.02
1.73388 2.38332 -0.148063 2846.14 1309.51 -1538.34 649.191 22364.4 21787.5 119.268 4108.74 4002.76
1.61377 2.28578 -0.145822 1323.43 -1056.99 -2377.13 652.366 22474.3 21894.6 119.495 4116.67 4010.5
1.72943 2.24098 -0.151192 -1050.79 -2162 -1113.79 654.121 22535.4 21954.2 119.723 4124.61 4018.24
1.57905 2.24172 -0.0877703 -2147.93 -627.365 1524.73 657.316 22646 22061.9 119.95 4132.55 4025.97
1.68491 2.31144 -0.205058 -618.588 1828.76 2444.19 659.54 22723.2 22137.2 120.178 4140.49 4033.71
1.61983 2.22974 -0.0909584 1837.59 2749.96 916.537 661.772 22800.7 22212.7 120.405 4148.43 4041.45
1.60927 2.21598 -0.0860546 2761.73 1323.54 -1441.02 664.536 22896.5 22306 120.632 4156.37 4049.19
1.63041 2.24694 -0.0556734 1332.34 -1136.3 -2464.8 666.759 22973.7 22381.2 120.86 4164.31 4056.93
1.56708 2.15742 -0.106733 -1127.4 -2156.49 -1031.91 669 23051.4 22457 121.087 4172.25 4064.67
1.59498 2.2639 -0.0967653 -2142 -531.024 1615.44 672.249 23163.9 22566.6 121.315 4180.19 4072.41
1.49166 2.12307 -0.0878799 -522.065 1925.59 2444.22 674.496 23241.8 22642.6 121.543 4188.13 4080.15
1.56521 2.1572 -0.065645 1937.46 2854.74 922.068 677.265 23337.8 22736.1 121.77 4196.07 4087.88
1.55892 2.14884 -0.062785 2863.81 1235.99 -1631.57 679.527 23416.3 22812.6 121.998 4204.01 4095.62
1.57046 2.16172 -0.109229 1245.09 -1316.39 -2556.69 681.794 23495 22889.2 122.225 4211.94 4103.36
1.50579 2.14129 -0.0953787 -1304.35 -2140.37 -839.439 684.585 23591.7 22983.5 122.453 4219.88 4111.1
1.49956 2.13261 -0.0925024 -2131.21 -522.452 1613.23 686.859 23670.5 23060.3 122.681 4227.82 4118.84
1.51073 2.14501 -0.138666 -513.286 1930.58 2440.45 689.132 23749.4 23137.2 122.908 4235.76 4126.58
1.51531 2.07946 -0.0818928 1945.42 2953.17 1012.86 692.413 23863 23247.9 123.136 4243.7 4134.32
1.51191 2.07496 -0.0804022 2959.77 1241.65 -1722.46 694.226 23926 23309.3 123.364 4251.64 4142.06
1.54985 2.12803 -0.0572517 1256.58 -1206.49 -2457.04 697.516 24040 23420.3 123.591 4259.58 4149.79
1.52032 2.08856 -0.0438183 -1197.11 -2132.18 -940.036 699.82 24119.9 23498.2 123.819 4267.52 4157.53
1.51393 2.08021 -0.0410412 -2122.86 -617.132 1511.75 702.113 24199.4 23575.7 124.047 4275.46 4165.27
1.64631 2.06977 -0.0145157 -604.716 1941.32 2541.42 704.948 24297.7 23671.5 124.274 4283.4 4173.01
1.46984 2.03092 -0.0237015 1950.71 2866.64 921.62 707.249 24377.6 23749.3 124.502 4291.34 4180.75
1.4636 2.02253 -0.0210274 2876.08 1248.54 -1632.15 709.558 24457.6 23827.4 124.729 4299.28 4188.49
1.49262 2.05799 -0.0746563 1263.88 -1101.87 -2359.41 712.899 24573.3 23940.1 124.957 4307.22 4196.23
1.43435 2.04646 -0.0645588 -1095.13 -2125.53 -1035.97 714.731 24637 24002.1 125.185 4315.16 4203.97
1.33115 1.97896 0.0465776 -2110.13 -503.968 1613.48 718.075 24752.7 24114.9 125.413 4323.1 4211.7
1.36706 2.02358 -0.00979595 -494.4 1944.68 2432.86 720.398 24833.3 24193.4 125.641 4331.04 4219.44
1.47599 1.96687 -0.0515278 1954.3 2765.98 818.996 722.728 24914.1 24272.2 125.868 4338.98 4227.18
1.42064 2.02317 -0.0990465 2778.81 1262.76 -1521.91 725.615 25014.1 24369.6 126.096 4346.92 4234.92
1.40529 1.93857 -0.0365217 1272.44 -1187.1 -2452.57 727.951 25095.1 24448.6 126.324 4354.85 4242.66
1.39964 1.93073 -0.0341576 -1177.39 -2116.48 -944.946 730.291 25176.3 24527.7 126.552 4362.79 4250.4
1.39406 1.92295 -0.0318211 -2106.7 -606.31 1507.36 732.643 25257.9 24607.2 126.78 4370.73 4258.14
1.37312 1.96124 -0.0382259 -590.484 2054.33 2639.64 736.037 25375.4 24721.6 127.008 4378.67 4265.88
1.30057 1.86451 -0.00766258 2061.31 2881.38 826.05 737.901 25440.1 24784.7 127.236 4386.61 4273.61
1.36275 1.94935 0.00661583 2897.23 1373.99 -1527.42 741.293 25557.5 24899.1 127.464 4394.55 4281.35
1.4121 1.87751 -0.0654581 1383.92 -1183.85 -2562.45 743.661 25639.6 24979.1 127.692 4402.49 4289.09
1.3063 1.80493 0.00406857 -1170.69 -2107.33 -940.471 746.583 25740.8 25077.8 127.92 4410.43 4296.83
1.36768 1.89175 -0.022415 -2097.36 -595.191 1507.13 748.957 25823.1 25158 128.148 4418.37 4304.57
1.31141 1.81422 -0.039933 -585.176 1853.77 2435.13 751.336 25905.6 25238.4 128.376 4426.31 4312.31
1.32464 1.9004 -0.0195091 1863.8 2782.22 923.386 753.716 25988.1 25318.8 128.604 4434.25 4320.05
1.42816 1.90774 0.00799484 2798.49 1485.74 -1315.87 757.156 26107.2 25434.8 128.831 4442.19 4327.79
1.34482 1.85548 -0.0121944 1492.95 -1065.9 -2554.9 759.052 26173.1 25499 129.059 4450.13 4335.52
1.28158 1.77267 -0.028343 -1049.61 -1992.05 -944.54 762.489 26292.1 25614.9 129.287 4458.07 4343.26
1.3802 1.83267 -0.0524738 -1981.78 -588.958 1396.1 764.902 26375.7 25696.5 129.515 4466.01 4351
1.2975 1.79082 0.00663013 -575.479 1862.21 2435.94 767.856 26478 25796.2 129.743 4473.95 4358.74
1.29182 1.78322 0.0087635 1872.45 2790.57 921.036 770.261 26561.4 25877.4 129.971 4481.89 4366.48
1.32224 1.76007 0.0512268 2800.89 1278.07 -1524.57 772.676 26645.2 25959 130.199 4489.83 4374.22
1.31282 1.74488 0.0143806 1288.35 -1168.5 -2453.94 775.086 26728.7 26040.4 130.427 4497.77 4381.96
1.26705 1.75545 0.0168926 -1151.76 -1875.37 -724.634 778.577 26849.6 26158.2 130.656 4505.71 4389.7
1.32349 1.76683 0.0493204 -1867.99 -468.582 1401.27 780.496 26916.2 26223.1 130.884 4513.65 4397.43
1.21418 1.81529 0.00977249 -451.763 1982.55 2434.36 783.994 27037.2 26341.1 131.112 4521.59 4405.17
1.20909 1.8076 0.0118219 1993.01 2796.16 804.309 786.424 27121.5 26423.1 131.34 4529.53 4412.91
1.26496 1.74909 0.0178902 2810.12 1287.02 -1522.67 789.436 27225.8 26524.8 131.568 4537.47 4420.65
1.29634 1.65613 -0.00726395 1297.55 -1158.05 -2454.83 791.875 27310.4 26607.2 131.796 4545.41 4428.39
1.29112 1.64974 -0.0054987 -1147.49 -2089.44 -941.51 794.316 27395 26689.7 132.024 4553.35 4436.13
1.23663 1.77591 -0.0257051 -2078.75 -571.743 1507.79 796.777 27480.3 26772.8 132.252 4561.29 4443.87
1.19232 1.6525 0.044656 -554.592 2100.58 2656.32 800.309 27602.5 26891.9 132.48 4569.23 4451.6
1.18967 1.64879 0.0455963 2108.2 2920.42 811.94 802.259 27670.2 26957.9 132.709 4577.17 4459.34
1.22144 1.75868 0.0608828 2937.71 1409.77 -1525.7 805.807 27793 27077.5 132.937 4585.11 4467.08
1.19814 1.65846 0.0423777 1420.48 -1155.2 -2576.7 808.264 27878.2 27160.5 133.165 4593.05 4474.82
1.19363 1.65177 0.0440495 -1144.36 -2201.62 -1055.01 810.742 27964 27244.2 133.393 4600.99 4482.56
1.15879 1.60269 0.0162479 -2187.23 -557.39 1629.22 813.802 28070 27347.4 133.622 4608.93 4490.3
1.12553 1.62691 0.055442 -546.587 2003.01 2551.45 816.27 28155.5 27430.7 133.85 4616.87 4498.03
1.12073 1.61993 0.0571405 2013.91 2928.55 914.03 818.753 28241.5 27514.6 134.078 4624.81 4505.77
1.11112 1.60605 0.0604956 2946.29 1526.97 -1416.7 822.351 28366.1 27635.9 134.307 4632.75 4513.51
1.19069 1.64819 0.0852806 1534.76 -1146.52 -2683.01 824.323 28434.5 27702.6 134.535 4640.69 4521.25
1.19993 1.65816 0.0415546 -1128.82 -2071.27 -938.716 827.908 28558.5 27823.5 134.763 4648.63 4528.99
1.1477 1.58884 0.0598566 -2060.19 -555.314 1502.4 830.412 28645.3 27908 134.991 4656.57 4536.73
1.14623 1.58949 0.100542 -544.18 1887.71 2435.63 832.923 28732.4 27992.8 135.22 4664.51 4544.46
1.06514 1.47922 0.0883228 1902.41 2943.58 1039.1 836.01 28839.2 28097 135.448 4672.45 4552.2
1.13394 1.57308 0.10458 2954.77 1426.54 -1524.88 838.528 28926.5 28182 135.676 4680.39 4559.94
1.12911 1.56655 0.106165 1437.76 -1136.61 -2576.45 841.048 29013.8 28267.1 135.905 4688.33 4567.68
1.11585 1.54631 0.0702688 -1118.5 -1950.43 -827.81 844.679 29139.4 28389.5 136.133 4696.28 4575.42
1.19311 1.58521 0.0965244 -1939.11 -435.982 1500.29 847.211 29227.2 28475 136.361 4704.22 4583.16
1.0167 1.54579 0.0791323 -421.028 2017.29 2442.84 850.326 29335 28580.1 136.59 4712.16 4590.89
1.13472 1.63334 0.0113699 2028.62 2835.14 803.281 852.857 29422.7 28665.5 136.818 4720.1 4598.63
1.09528 1.51691 0.0771353 2846.56 1198.46 -1643.56 855.4 29510.8 28751.4 137.047 4728.04 4606.37
1.03689 1.50738 0.124654 1213.61 -1119.99 -2336.42 858.537 29619.4 28857.2 137.275 4735.98 4614.11
1.08151 1.49503 0.0414516 -1108.53 -1939.85 -827.198 861.084 29707.7 28943.2 137.504 4743.92 4621.85
1.15381 1.59581 0.0979101 -1928.27 -426.203 1499.25 863.648 29796.5 29029.8 137.732 4751.86 4629.59
1.07133 1.48357 0.0848228 -407.664 2140.03 2552.6 867.318 29923.5 29153.5 137.96 4759.8 4637.32
1.03521 1.50125 0.0846741 2151.66 2955.01 799.761 869.885 30012.4 29240.2 138.189 4767.74 4645.06
1.06 1.46747 0.0884449 2970.4 1332 -1633.07 873.048 30121.9 29346.9 138.417 4775.68 4652.8
0.967593 1.3446 0.118296 1343.64 -1230.39 -2578.04 875.614 30210.8 29433.4 138.646 4783.62 4660.54
0.931599 1.36259 0.117965 -1218.7 -2173.83 -949.8 878.185 30299.8 29520.2 138.875 4791.56 4668.28
1.02808 1.60493 0.0664436 -2158.29 -412.206 1742.52 881.365 30409.9 29627.5 139.103 4799.5 4676.02
0.953447 1.50482 0.090419 -400.356 2152.42 2557.69 883.959 30499.7 29715 139.332 4807.44 4683.75
1.03685 1.43352 0.0958778 2164.18 2964.61 796.856 886.536 30589 29802 139.56 4815.38 4691.49
1.01935 1.47533 0.0898163 2983.66 1455.22 -1522.7 890.258 30717.8 29927.5 139.789 4823.32 4699.23
0.96482 1.39989 0.0667765 1467.21 -1108.1 -2579.68 892.867 30808.2 30015.5 140.017 4831.26 4706.97
0.930942 1.42065 0.0658991 -1099.65 -2287.04 -1182.05 894.921 30879.4 30084.9 140.246 4839.2 4714.71
1.05641 1.45451 0.049597 -2267.78 -516.364 1748.26 898.666 31008.9 30211.1 140.474 4847.14 4722.44
1.00745 1.39175 0.104874 -504.379 2162.93 2671.82 901.269 31099.1 30299 140.703 4855.08 4730.18
1.00283 1.38537 0.106236 2175.01 3089.98 911.816 903.887 31189.8 30387.4 140.932 4863.02 4737.92
1.03114 1.35916 0.148864 3105.97 1464.93 -1636.09 907.112 31301.4 30496.2 141.16 4870.97 4745.66
0.994853 1.37706 0.14862 1477.02 -1217.86 -2698.46 909.727 31392 30584.4 141.389 4878.91 4753.4
0.990503 1.37122 0.149862 -1205.7 -2277.83 -1067.16 912.351 31482.9 30673 141.617 4886.85 4761.14
1.00002 1.37823 0.0666811 -2258.13 -386.332 1869.06 916.142 31614.1 30800.8 141.846 4894.79 4768.87
0.921595 1.34248 0.119265 -377.64 2170.07 2551.44 918.226 31686.3 30871.2 142.074 4902.73 4776.61
0.986831 1.42987 0.139999 2189.89 3236.49 1045.12 922.029 31817.9 30999.4 142.303 4910.67 4784.35
1.0254 1.27781 0.0811264 3248.76 1469.82 -1776.08 924.662 31909.1 31088.3 142.531 4918.61 4792.09
0.957153 1.39279 0.188824 1482.18 -1348.43 -2832.08 927.309 32000.8 31177.6 142.76 4926.55 4799.83
1.03225 1.35523 0.108219 -1331.98 -2263.24 -927.92 930.582 32114.1 31288 142.989 4934.49 4807.57
0.98056 1.28703 0.123199 -2250.79 -497.439 1751.43 933.236 32206 31377.6 143.217 4942.43 4815.3
0.883376 1.35869 0.159189 -484.984 2182.27 2670.59 935.892 32298 31467.2 143.446 4950.37 4823.04
0.9457 1.23999 0.133132 2202.5 3369.87 1166.31 939.736 32431 31596.8 143.675 4958.31 4830.78
0.928272 1.35096 0.156909 3382.39 1599.7 -1780.22 942.399 32523.2 31686.6 143.903 4966.25 4838.52
0.92998 1.28717 0.166916 1616.31 -1205.79 -2822.7 945.683 32636.8 31797.4 144.132 4974.19 4846.26
0.923054 1.27556 0.128715 -1193.12 -2384.41 -1189.26 948.363 32729.7 31887.8 144.361 4982.13 4854
0.881392 1.35473 0.159498 -2371.69 -749.093 1622 951.051 32822.7 31978.5 144.589 4990.07 4861.73
0.936482 1.2928 0.124821 -732.326 2201.75 2936.56 954.35 32936.9 32089.8 144.818 4998.02 4869.47
0.864207 1.19943 0.185047 2214.5 3377.75 1162.21 957.039 33030 32180.5 145.047 5005.96 4877.21
0.934239 1.2939 0.205592 3390.55 1604.88 -1783.18 959.732 33123.3 32271.4 145.275 5013.9 4884.95
0.819468 1.20208 0.146922 1625.52 -1069.79 -2695.48 963.609 33257.4 32402 145.504 5021.84 4892.69
0.839511 1.22807 0.141352 -1056.86 -2248.26 -1189.77 966.319 33351.2 32493.4 145.733 5029.78 4900.43
0.889586 1.22758 0.137812 -2231.11 -596.663 1634.76 969.662 33466.9 32606.2 145.962 5037.72 4908.16
0.885906 1.22238 0.138785 -583.752 2081.39 2666.29 972.365 33560.5 32697.4 146.19 5045.66 4915.9
0.94548 1.16981 0.142738 2094.33 3114.01 1019.99 975.07 33654.2 32788.7 146.419 5053.6 4923.64
0.907413 1.18314 0.102784 3127.09 1472.51 -1653.42 977.795 33748.5 32880.6 146.648 5061.54 4931.38
0.869986 1.19928 0.102717 1489.76 -1056.86 -2545.84 981.144 33864.4 32993.5 146.877 5069.48 4939.12
0.802411 1.24146 0.100739 -1043.73 -2091.5 -1047.06 983.874 33958.9 33085.6 147.105 5077.42 4946.85
0.85824 1.18337 0.105656 -2070.37 -316.769 1755.28 987.795 34094.6 33217.8 147.334 5085.37 4954.59
0.854129 1.17805 0.106645 -303.513 2213.8 2517.13 990.539 34189.6 33310.4 147.563 5093.31 4962.33
0.905587 1.1829 0.142862 2231.38 3125.06 895.841 993.924 34306.7 33424.5 147.792 5101.25 4970.07
0.784879 1.22309 0.18498 3138.28 1353.14 -1785.8 996.659 34401.4 33516.8 148.021 5109.19 4977.81
0.781414 1.2179 0.185888 1366.52 -1323.16 -2687.5 999.416 34496.8 33609.7 148.25 5117.13 4985.55
0.783883 1.15227 0.154959 -1309.86 -2227.55 -918.359 1002.16 34591.8 33702.3 148.478 5125.07 4993.28
0.907185 1.25183 0.172785 -2209.77 -303.633 1908.82 1005.56 34709.6 33817.1 148.707 5133.01 5001.02
0.903425 1.24681 0.173754 -290.267 2371.25 2660.34 1008.31 34804.8 33909.9 148.936 5140.95 5008.76
0.797073 1.10091 0.120828 2392.97 3411.07 1021.72 1012.29 34942.5 34044 149.165 5148.89 5016.5
0.885262 1.09086 0.197468 3424.68 1492.5 -1934.26 1015.07 35038.8 34137.8 149.393 5156.83 5024.24
0.788098 1.08933 0.122819 1510.4 -1315.66 -2821.94 1018.48 35156.7 34252.8 149.622 5164.77 5031.98
0.877748 1.27826 0.170838 -1302.03 -2350.62 -1051.15 1021.26 35253 34346.5 149.851 5172.72 5039.71
0.886385 1.15489 0.147639 -2336.85 -574.784 1766.19 1024.06 35349.9 34441 150.08 5180.66 5047.45
0.882821 1.15021 0.148499 -561.251 2234.38 2793.04 1026.82 35445.6 34534.2 150.309 5188.6 5055.19
0.789827 1.15865 0.152784 2252.55 3421.1 1173.2 1030.26 35564.6 34650.2 150.537 5196.54 5062.93
0.828088 1.07979 0.201942 3434.88 1649.64 -1788.32 1033.06 35661.4 34744.5 150.766 5204.48 5070.67
0.767221 1.06795 0.247338 1671.91 -1018.72 -2685.03 1037.09 35800.8 34880.3 150.995 5212.42 5078.41
0.814844 1.06025 0.164926 -1004.85 -2205.29 -1204.48 1039.89 35897.9 34974.9 151.224 5220.36 5086.14
0.748095 1.1058 0.202621 -2186.89 -568.388 1624.62 1043.36 36017.6 35091.6 151.453 5228.3 5093.88
0.768576 1.13239 0.19769 -554.485 2105.48 2655.43 1046.16 36114.7 35186.2 151.682 5236.24 5101.62
0.771067 1.06719 0.166191 2119.45 3138.53 1025.2 1048.97 36212.2 35281.1 151.911 5244.18 5109.36
0.777671 1.01252 0.213577 3152.54 1509.77 -1647.31 1051.79 36309.7 35376.2 152.14 5252.13 5117.1
0.709205 1.05313 0.211696 1528.48 -1000.5 -2522.33 1055.29 36430.7 35494.1 152.369 5260.07 5124.84
0.727729 1.07496 0.167301 -986.498 -2038.17 -1056.74 1058.1 36528 35588.9 152.598 5268.01 5132.57
0.725684 1.07637 0.247663 -2015.34 -267.808 1755.18 1062.19 36669.3 35726.5 152.827 5275.95 5140.31
0.703026 0.975575 0.181881 -253.61 2246.17 2493.74 1065.02 36767.5 35822.2 153.056 5283.89 5148.05
0.747869 1.03458 0.171395 2260.46 2987.82 735.021 1067.87 36866.1 35918.3 153.285 5291.83 5155.79
0.741612 1.02363 0.132832 3006.64 1385.41 -1626.76 1071.37 36987 36036.2 153.514 5299.77 5163.53
0.696562 0.971284 0.263004 1399.73 -1131.26 -2523.85 1074.22 37085.7 36132.3 153.743 5307.71 5171.27
0.659882 0.985872 0.22263 -1116.92 -2027.98 -916.586 1077.07 37184.4 36228.5 153.972 5315.65 5179
0.764179 0.989401 0.176219 -2008.78 -252.83 1763.64 1080.62 37307 36347.9 154.201 5323.6 5186.74
0.814539 1.05568 0.245171 -238.472 2260.32 2492.72 1083.47 37405.7 36444.1 154.429 5331.54 5194.48
0.648975 0.963604 0.185392 2274.78 2992.76 725.68 1086.33 37504.8 36540.6 154.659 5339.48 5202.22
0.666819 0.986411 0.18127 3016.25 1537.61 -1483.69 1090.48 37648.2 36680.4 154.888 5347.42 5209.96
0.709593 1.0401 0.131739 1552.12 -982.17 -2527.59 1093.34 37747.3 36777 155.117 5355.36 5217.69
0.682843 1.00682 0.177586 -962.828 -1858.99 -900.676 1096.89 37870.1 36896.6 155.346 5363.3 5225.43
0.679797 1.00254 0.178226 -1844.35 -394.309 1456.21 1099.77 37969.9 36993.8 155.575 5371.24 5233.17
0.73244 1.00583 0.17508 -379.615 1964.41 2339.52 1102.66 38069.8 37091.2 155.804 5379.19 5240.91
0.673514 0.993667 0.179539 1979.15 2849.23 876.249 1105.55 38169.9 37188.7 156.033 5387.13 5248.65
0.708557 0.908059 0.188614 2868.82 1553.45 -1319.33 1109.13 38293.5 37309.2 156.262 5395.07 5256.39
0.700747 0.968687 0.261685 1568.28 -806.406 -2369.05 1112.03 38394 37407 156.491 5403.01 5264.12
0.669277 0.924751 0.228419 -782.543 -1544.33 -764.735 1116.2 38538.1 37547.5 156.72 5410.95 5271.86
0.761919 1.04686 0.208498 -1529.39 -247.861 1286.16 1119.11 38639 37645.7 156.949 5418.89 5279.6
0.62874 0.934175 0.188762 -228.092 1969.48 2195.17 1122.7 38763 37766.6 157.178 5426.83 5287.34
0.673672 0.99288 0.179206 1984.53 2715.32 734.905 1125.62 38864.2 37865.2 157.407 5434.77 5295.08
0.670578 0.988627 0.179836 2730.3 1252.84 -1479.87 1128.53 38965 37963.4 157.636 5442.72 5302.82
0.647877 0.955547 0.22507 1268.02 -955.108 -2219 1131.47 39066.7 38062.5 157.865 5450.66 5310.55
0.57267 0.855524 0.240825 -935.15 -1529.2 -595.922 1135.08 39191.3 38184 158.094 5458.6 5318.29
0.665335 0.977255 0.221433 -1514.03 -71.3434 1446.27 1138.01 39292.9 38282.9 158.323 5466.54 5326.03
0.627352 0.795675 0.245247 -46.8567 2292.53 2338.55 1142.24 39439.1 38425.3 158.552 5474.48 5333.77
0.648461 1.02051 0.216833 2307.82 2867.14 561.885 1145.18 39541 38524.7 158.782 5482.42 5341.51
0.692887 0.884088 0.271475 2887.4 1262.45 -1625.24 1148.82 39666.7 38647.2 159.011 5490.36 5349.25
0.597671 0.960717 0.346854 1277.77 -1095.64 -2371.39 1151.77 39768.7 38746.5 159.24 5498.31 5356.98
0.642902 0.941941 0.146064 -1080.17 -1836.47 -756.565 1154.73 39871.3 38846.5 159.469 5506.25 5364.72
0.646291 0.955597 0.304986 -1821.09 -224.525 1598.55 1157.69 39973.5 38946.1 159.698 5514.19 5372.46
0.584279 0.936913 0.269681 -204.045 2306.43 2510.79 1161.34 40099.9 39069.2 159.927 5522.13 5380.2
0.602029 0.955235 0.186303 2321.98 3048.49 727.945 1164.31 40202.8 39169.5 160.156 5530.07 5387.94
0.63756 0.872481 0.234608 3073.51 1592.68 -1479.45 1168.58 40350.5 39313.4 160.385 5538.01 5395.67
0.568362 0.907694 0.153026 1608.28 -940.237 -2548.13 1171.56 40453.4 39413.7 160.615 5545.95 5403.41
0.629349 0.858269 0.196285 -919.267 -1823.26 -902.018 1175.27 40581.7 39538.6 160.844 5553.9 5411.15
