0.356000
5.277000
0.289000
4.945000
0.344000
3.436000
0.258000
4.702000
0.328000
3.820000
0.263000
5.629000
0.293000
3.471000
0.270000
4.760000
0.285000
3.486000
0.255000
3.470000
0.253000
4.684000
0.275000
3.457000
0.254000
3.972000
0.290000
8.849000
0.243000
7.159000
0.265000
5.639000
0.250000
6.574000
0.283000
5.625000
0.297000
7.401000
0.236000
6.018000
0.244000
6.838000
0.268000
5.827000
0.230000
3.682000
0.403000
3.626000
0.525000
3.626000
0.290000
3.764000
0.319000
3.495000
0.270000
3.591000
0.277000
3.670000
0.257000
4.691000
0.310000
5.105000
0.273000
3.424000
0.272000
5.338000
0.289000
3.756000
0.259000
4.485000
0.300000
3.606000
0.652000
6.026000
0.613000
3.591000
0.701000
3.982000
0.596000
6.146000
0.518000
7.551000
0.442000
4.923000
0.418000
6.576000
0.452000
5.313000
0.463000
5.486000
0.508000
5.187000
1.879000
6.989000
4.776000
5.407000
4.984000
5.097000
4.519000
4.489000
4.861000
5.566000
7.713000
4.933000
6.468000
6.938000
6.400000
7.283000
5.828000
5.733000
5.927000
7.003000
4.736000
6.458000
5.440000
5.414000
5.129000
5.463000
5.946000
3.086000
4.137000
3.973000
3.148000
3.948000
3.745000
4.128000
3.324000
3.871000
3.741000
2.864000
3.372000
3.241000
3.927000
3.235000
3.498000
5.194000
4.149000
6.449000
3.980000
4.318000
4.044000
4.655000
6.519000
4.574000
16.378000
8.284000
6.793000
3.809000
3.202000
2.784000
3.268000
3.137000
2.604000
2.609000
2.370000
4.177000
4.737000
4.128000
3.890000
4.752000
3.849000
4.102000
4.347000
5.339000
4.891000
4.246000
4.337000
6.108000
3.979000
4.014000
4.383000
4.233000
8.847000
12.044000
7.972000
6.023000
5.902000
6.008000
5.716000
6.316000
6.465000
6.356000
5.903000
7.534000
9.336000
6.553000
11.081000
9.819000
10.754000
13.592000
15.745000
11.350000
12.458000
11.383000
10.536000
10.384000
11.242000
8.596000
9.402000
11.203000
7.535000
10.404000
7.833000
8.428000
7.975000
10.000000
7.636000
6.552000
9.244000
6.128000
10.201000
5.590000
11.608000
7.045000
6.852000
7.427000
7.707000
7.239000
6.965000
7.400000
4.590000
4.752000
4.211000
5.421000
4.683000
4.985000
4.650000
7.382000
5.272000
4.316000
6.203000
4.581000
5.101000
4.872000
6.676000
5.132000
4.798000
5.510000
4.273000
5.353000
4.975000
5.982000
4.324000
5.041000
10.978000
11.802000
4.693000
6.958000
10.993000
7.029000
7.022000
7.331000
7.906000
5.870000
5.407000
7.588000
6.144000
7.398000
10.110000
7.604000
8.207000
8.671000
8.177000
11.275000
8.061000
8.351000
10.505000
8.349000
8.982000
9.051000
7.951000
8.067000
7.992000
10.366000
10.176000
8.185000
10.910000
8.585000
8.616000
8.093000
9.988000
9.404000
9.530000
11.878000
8.358000
8.507000
10.619000
8.874000
10.507000
6.527000
7.343000
7.321000
6.913000
7.661000
7.965000
5.901000
7.691000
8.328000
5.949000
7.612000
6.132000
7.634000
6.907000
5.637000
8.184000
5.720000
6.814000
7.199000
5.382000
7.247000
6.571000
8.469000
5.849000
6.237000
6.122000
6.121000
5.171000
6.656000
5.877000
6.670000
6.441000
7.172000
6.097000
7.242000
5.656000
5.472000
4.098000
4.305000
5.734000
4.435000
5.053000
5.535000
4.971000
5.456000
4.524000
5.206000
4.786000
5.189000
10.062000
4.862000
4.780000
5.540000
4.916000
6.088000
6.447000
8.669000
8.219000
9.197000
9.338000
8.655000
8.131000
10.107000
8.541000
9.911000
15.063000
7.461000
4.546000
7.021000
7.284000
4.412000
6.923000
4.674000
4.196000
5.255000
4.235000
4.490000
4.993000
4.355000
4.165000
5.005000
4.950000
4.247000
5.260000
7.524000
5.115000
6.383000
6.406000
5.133000
7.210000
5.398000
4.705000
6.144000
5.187000
5.896000
6.551000
