-7.26661e-07 1.39748e-05 -1.83132e-05 -0.000581329 0.0111799 -0.0146506 -0.465063 8.94389 -1.90048
-3.56846e-06 6.95211e-05 -9.08272e-05 -0.00169211 0.0332572 -0.0433606 -0.424978 8.71772 -1.42859
-8.51696e-06 0.000180824 -0.000232782 -0.00226669 0.0557852 -0.0702033 -0.0351497 9.30444 -0.407605
-1.38497e-05 0.000349564 -0.00043894 -0.00199952 0.0792068 -0.0947233 0.253564 9.43267 0.429844
-1.7414e-05 0.000579085 -0.00070503 -0.000851875 0.10441 -0.118148 0.678467 10.729 0.470005
-1.67293e-05 0.000874004 -0.00102962 0.00139962 0.131526 -0.141526 1.14947 10.9612 0.470005
-9.68888e-06 0.00123708 -0.00141267 0.0042327 0.158933 -0.164908 1.14947 10.9612 0.470005
2.16757e-06 0.00166367 -0.00185794 0.00525246 0.182344 -0.191308 -0.305725 7.76672 -1.94375
1.43106e-05 0.0021438 -0.00237297 0.00446193 0.201758 -0.220718 -0.304723 7.76662 -1.94064
2.33707e-05 0.00267179 -0.0029628 0.00278621 0.220632 -0.251151 -1.01724 7.33357 -2.76704
2.99107e-05 0.00325191 -0.00362459 0.00244579 0.243463 -0.278277 0.761643 10.9309 0.700929
3.83699e-05 0.00389472 -0.00434877 0.00432158 0.270791 -0.301064 0.761643 10.9309 0.700929
5.16846e-05 0.00460671 -0.0051285 0.00633013 0.298802 -0.322719 0.881899 11.4761 1.60454
7.01909e-05 0.00538959 -0.00596095 0.00847495 0.327495 -0.343246 0.881899 11.4761 1.60454
9.34354e-05 0.00624357 -0.00684484 0.0101206 0.355696 -0.363865 0.484054 11.0824 1.53426
0.000120177 0.00716615 -0.0077825 0.0112723 0.382368 -0.386259 0.479945 10.2534 0.187877
0.000149808 0.00815412 -0.00877824 0.0124331 0.408004 -0.410336 0.480045 10.2544 0.188881
0.000183037 0.00920649 -0.00983793 0.0141502 0.433895 -0.437419 0.920982 10.4564 -2.21483
0.000221989 0.0103245 -0.010969 0.0170113 0.460479 -0.467414 1.39198 10.8098 -2.13451
0.000267314 0.0115066 -0.0121741 0.0192481 0.485219 -0.496715 0.407792 8.98225 -1.66052
0.000314939 0.0127452 -0.0134498 0.0188519 0.505656 -0.523792 -0.735638 7.36578 -0.365336
0.000359509 0.0140321 -0.0147904 0.0168044 0.523924 -0.548706 -0.936064 7.24462 0.0673946
0.000399775 0.015367 -0.0161937 0.0154088 0.54393 -0.573977 -0.224552 8.75811 -0.635417
0.00043882 0.0167566 -0.0176627 0.0158268 0.567791 -0.601197 0.518026 10.3342 -1.46975
0.000480199 0.0182093 -0.0191998 0.0172767 0.594363 -0.628434 0.598196 10.9299 -0.636421
0.000525213 0.0197289 -0.020803 0.0187344 0.621278 -0.654192 0.518026 10.6068 -0.285015
0.000573738 0.0213145 -0.0224702 0.0200852 0.647197 -0.679509 0.518026 10.1323 -0.285015
0.000625455 0.0229643 -0.024201 0.0212886 0.672675 -0.705164 0.407792 10.2534 -0.556099
0.00067937 0.0246778 -0.025997 0.0218439 0.698102 -0.73161 0.00593762 10.0919 -0.917545
0.000733549 0.0264534 -0.0278604 0.021499 0.722401 -0.759141 -0.304723 9.35179 -1.42859
0.000786504 0.028288 -0.029793 0.0208651 0.745322 -0.786961 -0.224552 8.99033 -1.14847
0.000838623 0.0301799 -0.0317948 0.0208299 0.768134 -0.814441 0.16728 9.26496 -1.14847
0.000891286 0.0321308 -0.033864 0.0213009 0.792576 -0.840955 0.16728 10.2938 -0.365336
0.000945642 0.0341452 -0.0359972 0.0221837 0.819002 -0.865562 0.479945 10.8491 0.38868
0.0010027 0.0362264 -0.0381904 0.0234632 0.845924 -0.888998 0.478943 10.6876 0.579443
0.00106259 0.038374 -0.0404417 0.0244487 0.872153 -0.912097 0.246449 10.2938 0.659764
0.00112452 0.0405859 -0.0427515 0.0250922 0.897351 -0.935687 0.20937 9.86269 0.187877
0.0011876 0.0428592 -0.0451218 0.0253774 0.921308 -0.960556 -0.0341476 9.30434 -0.364332
0.00125095 0.0451913 -0.0475562 0.0253011 0.944415 -0.986992 -0.0742327 9.18722 -1.06714
0.00131417 0.0475817 -0.0500577 0.0252756 0.967867 -1.01422 0.00593762 9.58301 -0.996862
0.00137773 0.050032 -0.0526261 0.025572 0.99236 -1.04049 0.173193 10.0181 -0.290939
0.0014423 0.0525442 -0.0552591 0.0260845 1.0174 -1.06588 0.173193 10.0181 -0.290939
0.00150909 0.0551201 -0.0579544 0.0273424 1.04334 -1.09036 0.765452 10.7371 0.437877
0.00157994 0.057762 -0.0607098 0.0293437 1.07017 -1.11395 0.76455 10.728 0.42884
0.00165542 0.0604709 -0.0635252 0.0310354 1.09695 -1.1384 0.523938 10.6967 -0.250778
0.00173466 0.0632454 -0.0664042 0.0323611 1.12264 -1.16482 0.483853 9.86662 -1.15439
0.00181715 0.0660828 -0.0693507 0.0336311 1.14729 -1.19237 0.484956 9.86773 -1.1555
0.00190283 0.0689821 -0.0723656 0.0349105 1.17214 -1.21957 0.484956 10.0192 -0.884413
0.00199191 0.0719439 -0.075448 0.0363493 1.19731 -1.24633 0.605211 10.1323 -0.804091
0.00208515 0.0749686 -0.0785974 0.0382442 1.22249 -1.27319 0.845722 10.0192 -0.964734
0.0021835 0.0780555 -0.0818143 0.0404412 1.24703 -1.30033 0.845722 9.62541 -1.03502
0.00228772 0.0812033 -0.0850986 0.04293 1.27122 -1.32711 1.07621 9.74657 -0.683609
0.00239883 0.0844122 -0.0884494 0.0459618 1.29586 -1.3535 1.27664 9.9788 -0.72377
0.00251658 0.08768 -0.0918684 0.0482379 1.31837 -1.38173 0.483051 8.03832 -2.17769
0.00264076 0.0910067 -0.0953575 0.051104 1.343 -1.40957 1.74573 11.6781 -0.410617
0.0027755 0.0944021 -0.0989147 0.0566914 1.37331 -1.43617 2.64765 12.5868 -1.19375
0.00292561 0.0978747 -0.10254 0.0633957 1.40476 -1.46373 2.64765 12.5868 -1.19375
0.00309306 0.101427 -0.106233 0.0705651 1.43685 -1.49066 3.03237 13.1007 -0.715738
0.00327928 0.10506 -0.109992 0.0784048 1.46984 -1.51659 3.19882 13.3036 -0.410617
0.00348532 0.108776 -0.113815 0.0864336 1.5031 -1.54209 3.19882 13.3036 -0.410617
0.00371136 0.112576 -0.117702 0.0943918 1.53705 -1.56757 3.15403 13.862 -0.405899
0.00395702 0.116462 -0.121652 0.102139 1.57166 -1.59245 3.03978 13.8216 0.03125
0.00422187 0.120435 -0.125664 0.109739 1.60621 -1.61675 3.03978 13.8216 0.03125
0.00450571 0.124491 -0.129735 0.117336 1.63912 -1.64037 3.04079 12.509 0.543298
0.00480856 0.128627 -0.133865 0.124938 1.6696 -1.66333 3.04079 11.883 0.543298
0.0051295 0.132837 -0.13805 0.131819 1.69818 -1.68511 2.46055 11.0046 1.45695
0.00546661 0.137115 -0.142288 0.137868 1.72467 -1.70531 2.37567 10.2201 1.81137
0.00581847 0.141459 -0.146576 0.143621 1.74977 -1.72495 2.21333 9.90277 1.89169
0.00618383 0.145863 -0.150914 0.148667 1.77353 -1.74543 1.78742 9.15057 1.13868
0.00656052 0.150324 -0.155306 0.152681 1.79591 -1.76793 1.35049 8.79113 0.275226
0.00694599 0.154841 -0.159756 0.155696 1.81708 -1.79257 0.951647 8.15705 -0.55881
0.0073378 0.159408 -0.16427 0.157753 1.83674 -1.81866 0.560817 7.56135 -0.880095
0.0077338 0.164023 -0.16885 0.159047 1.85545 -1.84533 0.326619 7.39607 -1.02698
0.00813229 0.168685 -0.173497 0.159749 1.87359 -1.87218 0.0790931 7.09185 -1.0307
0.00853217 0.173391 -0.178212 0.160152 1.89136 -1.89929 0.0790931 7.09185 -1.2315
0.00893306 0.178141 -0.182994 0.160565 1.90904 -1.92662 0.0790931 7.01108 -1.2315
0.00933449 0.182935 -0.187844 0.160575 1.92616 -1.95333 -0.231567 6.65871 -0.719453
0.00973531 0.187773 -0.19276 0.160085 1.94382 -1.97918 -0.311737 7.44423 -0.55881
0.0101346 0.192655 -0.197741 0.159371 1.9621 -2.00619 -0.431993 7.13325 -1.66323
0.010532 0.197583 -0.202792 0.158541 1.98027 -2.03457 -0.424978 7.33448 -1.65951
0.0109276 0.202557 -0.207914 0.157954 1.99882 -2.06258 -0.230565 7.44615 -1.38903
0.0113216 0.207577 -0.213105 0.157208 2.01732 -2.0907 -0.551246 7.28662 -1.74044
0.0117133 0.212643 -0.218367 0.15615 2.03521 -2.11864 -0.471076 6.96555 -1.22839
0.0121024 0.217753 -0.223698 0.155169 2.05269 -2.14589 -0.471076 6.96555 -1.18823
0.0124896 0.222907 -0.229096 0.15459 2.07051 -2.17312 -0.150395 7.24623 -1.22839
0.0128756 0.228106 -0.234564 0.154176 2.08904 -2.20075 -0.35082 7.51884 -1.50951
0.0132599 0.233353 -0.240101 0.153235 2.10822 -2.22884 -0.585319 7.7646 -1.57919
0.0136409 0.238648 -0.245708 0.151615 2.1279 -2.25724 -0.901992 7.91766 -1.74847
0.0140171 0.243993 -0.251387 0.149325 2.14789 -2.28609 -1.13248 8.00146 -1.90911
0.0143866 0.249388 -0.257139 0.14625 2.16819 -2.31514 -1.53333 8.16301 -1.86895
0.0147468 0.254834 -0.262962 0.141945 2.18867 -2.34325 -2.0845 8.15796 -1.11594
0.0150954 0.260331 -0.268854 0.136908 2.20912 -2.37048 -2.0845 8.15796 -1.11594
0.0154314 0.26588 -0.274813 0.131928 2.23 -2.39689 -2.00433 8.51336 -0.453288
0.0157551 0.271481 -0.280838 0.127007 2.25131 -2.42249 -1.99832 8.51276 -0.444654
0.0160668 0.277138 -0.286926 0.122318 2.27415 -2.44804 -1.80291 9.74506 -0.410015
0.0163664 0.282855 -0.293078 0.117413 2.29911 -2.47363 -2.15365 10.2181 -0.450176
0.0166532 0.288635 -0.299294 0.112043 2.32466 -2.49932 -2.15365 10.2181 -0.450176
0.0169262 0.294479 -0.305575 0.106356 2.35069 -2.52535 -2.39416 10.6119 -0.681099
0.0171846 0.30039 -0.311921 0.100336 2.3782 -2.55161 -2.39416 11.4095 -0.600778
0.0174279 0.306371 -0.318333 0.0942702 2.4067 -2.5778 -2.39416 11.4095 -0.600778
0.0176554 0.312425 -0.324809 0.087749 2.43617 -2.60353 -2.69981 12.192 -0.20369
0.017866 0.318553 -0.331349 0.080746 2.4668 -2.62848 -2.70382 12.3576 0.0714107
0.018059 0.324759 -0.337951 0.0736786 2.49762 -2.65312 -2.70382 12.3576 0.0714107
0.0182343 0.331042 -0.344615 0.066562 2.52878 -2.67759 -2.70382 12.6302 0.232053
0.0183916 0.337403 -0.35134 0.059273 2.56037 -2.70228 -2.82408 12.711 -0.0791918
0.0185308 0.343844 -0.358127 0.0520857 2.59206 -2.72765 -2.63367 12.711 -0.285417
0.0186524 0.350364 -0.36498 0.0451958 2.62375 -2.75432 -2.63267 12.7099 -1.11363
0.0187564 0.356962 -0.371901 0.0380012 2.65508 -2.78256 -2.94333 12.4373 -1.51524
0.0188417 0.363638 -0.378893 0.030191 2.68597 -2.8113 -3.14376 12.3566 -1.47508
0.0189067 0.370391 -0.385957 0.0218287 2.7162 -2.83979 -3.37425 11.9224 -1.27427
0.0189505 0.377219 -0.393092 0.0132222 2.74573 -2.86804 -3.33416 11.8012 -1.27427
0.0189726 0.38412 -0.400296 0.00449884 2.77506 -2.89508 -3.41433 11.7609 -0.290336
0.0189726 0.391094 -0.407565 -0.00457463 2.80449 -2.92035 -3.53459 11.882 0.150728
0.0189496 0.398143 -0.414896 -0.0137509 2.83471 -2.94487 -3.45542 12.398 0.312375
0.0189035 0.405269 -0.422289 -0.0231972 2.86622 -2.96913 -3.72599 12.9129 0.352535
0.0188328 0.412475 -0.429742 -0.0333556 2.89856 -2.99316 -4.00659 13.0643 0.513178
0.0187362 0.419762 -0.437254 -0.0438886 2.93089 -3.01653 -4.00659 12.9129 0.864583
0.0186138 0.427128 -0.444823 -0.0540757 2.96235 -3.0392 -3.72599 12.3576 1.02523
0.0184669 0.434572 -0.452449 -0.0634034 2.99223 -3.06136 -3.33516 11.6407 1.21599
0.0182984 0.442087 -0.46013 -0.0713686 3.02005 -3.08298 -2.66374 10.6916 1.37663
0.0181121 0.44967 -0.467864 -0.0776734 3.04655 -3.10429 -2.04242 10.5705 1.37663
0.0179122 0.457319 -0.475651 -0.0822591 3.07274 -3.12567 -1.3309 10.419 1.25615
0.0177026 0.465034 -0.483493 -0.0854337 3.09865 -3.14776 -0.976149 10.3342 0.740085
0.0174863 0.472812 -0.491392 -0.0876227 3.12412 -3.17118 -0.619391 10.0555 0.151732
0.0172658 0.480653 -0.49935 -0.0887393 3.14856 -3.19578 -0.188476 9.50163 -0.245256
0.0170435 0.488553 -0.507371 -0.0891156 3.17149 -3.2209 -0.0782413 8.83424 -0.285417
0.0168212 0.496508 -0.515455 -0.0887033 3.19247 -3.24584 0.409094 7.95371 -0.120356
0.0166008 0.504514 -0.5236 -0.087644 3.21236 -3.27056 0.409094 7.95371 -0.120356
0.0163838 0.512569 -0.531807 -0.0859606 3.23205 -3.29488 0.881097 7.80327 0.190889
0.0161723 0.520674 -0.540074 -0.0832601 3.25119 -3.31902 1.19547 7.5243 0.0272339
0.0159684 0.528824 -0.548402 -0.079882 3.26958 -3.34349 1.39519 7.21059 -0.0801958
0.0157732 0.53702 -0.556792 -0.0762367 3.28716 -3.36806 1.38918 6.88144 -0.0400351
0.0155876 0.545259 -0.565242 -0.0722378 3.30408 -3.39246 1.66075 6.69061 0.0704066
0.0154124 0.553541 -0.573754 -0.0679694 3.32087 -3.4169 1.5862 6.77704 -0.0741717
0.0152489 0.561866 -0.582326 -0.062806 3.33936 -3.44066 2.33779 8.07951 0.62864
0.0150996 0.570239 -0.590956 -0.0566575 3.35946 -3.46355 2.33779 8.07951 0.62864
0.0149664 0.578665 -0.599645 -0.0499014 3.38079 -3.4874 2.80388 9.06404 -0.123368
0.0148508 0.587145 -0.608395 -0.0425452 3.40334 -3.5122 2.80479 9.06495 -0.114332
0.0147526 0.595682 -0.617208 -0.0359802 3.42666 -3.53824 2.17545 9.66267 -1.11222
0.0146696 0.604279 -0.626088 -0.0304179 3.4505 -3.56571 2.01511 9.46074 -1.27287
0.0146001 0.612935 -0.635036 -0.0251922 3.4745 -3.59334 1.90778 9.78676 -1.23562
0.0145436 0.621652 -0.644055 -0.0200492 3.49875 -3.62123 1.94786 9.6656 -1.47658
0.0145 0.630428 -0.653144 -0.014838 3.52252 -3.64993 1.97793 9.39299 -1.86815
0.01447 0.639264 -0.662304 -0.00910159 3.54566 -3.6787 2.37096 9.18318 -1.50891
0.0144557 0.648157 -0.671536 -0.00239144 3.56933 -3.70693 2.72953 9.82714 -1.39626
0.0144587 0.657111 -0.680839 0.00479859 3.59378 -3.73505 2.72953 9.82714 -1.39626
0.0144806 0.666126 -0.690211 0.0127073 3.61815 -3.76246 3.27639 9.78242 -0.799573
0.0145235 0.675202 -0.699649 0.0216153 3.64239 -3.78839 3.48182 9.74708 -0.158509
0.0145891 0.684338 -0.709152 0.0309011 3.66661 -3.8135 3.54596 9.78141 -0.118348
0.0146784 0.693535 -0.718717 0.0405264 3.6911 -3.83895 3.74739 9.97425 -0.408007
0.0147923 0.702796 -0.728346 0.0505578 3.71762 -3.86447 3.83257 11.4095 -0.158509
0.0149315 0.712125 -0.73804 0.0608471 3.74537 -3.89064 3.94781 10.9652 -0.920055
0.0150971 0.721523 -0.7478 0.0716501 3.77301 -3.91721 4.25847 11.3287 -0.448168
0.0152901 0.73099 -0.757625 0.082718 3.80061 -3.94255 4.13601 10.9329 0.0704066
0.0155104 0.740525 -0.767512 0.0935338 3.82781 -3.96733 4.05885 11.0036 0.000125503
0.0157574 0.750129 -0.777462 0.104038 3.85546 -3.99286 3.91154 11.2863 -0.522264
0.0160303 0.759803 -0.787478 0.114315 3.88377 -4.01944 3.91154 11.5185 -0.843549
0.0163288 0.769549 -0.797561 0.124448 3.91243 -4.04677 3.83137 11.5589 -1.11463
0.0166523 0.779366 -0.807712 0.134381 3.94115 -4.07452 3.78397 11.5559 -1.18763
0.0170005 0.789255 -0.817933 0.144134 3.96993 -4.10231 3.71111 11.5993 -1.15479
0.0173725 0.799216 -0.828224 0.153506 3.99894 -4.13028 3.50577 11.7215 -1.35068
0.0177674 0.809249 -0.838585 0.162389 4.02787 -4.15861 3.35546 11.5196 -1.47116
0.018184 0.819355 -0.849018 0.170936 4.05647 -4.18731 3.27529 11.4489 -1.66192
0.0186219 0.829531 -0.859522 0.179393 4.08495 -4.21627 3.31537 11.4085 -1.70208
0.0190808 0.839779 -0.870099 0.187714 4.11293 -4.24525 3.19511 11.045 -1.70208
0.01956 0.850095 -0.880748 0.195608 4.13999 -4.27385 2.99469 10.6512 -1.431
0.0200585 0.860478 -0.891468 0.203239 4.16657 -4.30208 3.0009 10.6533 -1.43722
0.0205758 0.870927 -0.902258 0.210572 4.19272 -4.32988 2.77041 10.2999 -1.11594
0.0211109 0.881441 -0.913116 0.217513 4.21803 -4.35655 2.69024 9.9794 -0.56373
0.0216632 0.892017 -0.924039 0.224343 4.24295 -4.3825 2.69024 9.9794 -0.56373
0.0222325 0.902655 -0.935028 0.231049 4.26749 -4.40834 2.61007 9.66641 -0.493449
0.0228175 0.913353 -0.946081 0.236939 4.29116 -4.43424 2.0589 9.27264 -0.644051
0.0234163 0.92411 -0.957199 0.242104 4.31433 -4.46028 2.05028 9.26395 -0.635417
0.0240276 0.934924 -0.968383 0.246956 4.33715 -4.48665 1.82671 8.98821 -0.923469
0.0246499 0.945795 -0.979633 0.250869 4.3593 -4.51349 1.31562 8.7156 -1.03391
0.0252804 0.95672 -0.990951 0.253588 4.38091 -4.54041 0.884705 8.55406 -1.00379
0.0259163 0.967699 -1.00233 0.255119 4.40203 -4.56703 0.373619 8.32183 -0.802987
0.0265552 0.97873 -1.01379 0.256 4.42285 -4.59339 0.373619 8.32183 -0.802987
0.0271957 0.989813 -1.0253 0.256349 4.44332 -4.61976 -0.0431667 8.03307 -0.802987
0.0278363 1.00095 -1.03688 0.256177 4.46367 -4.64612 -0.0341476 8.23409 -0.796059
0.0284762 1.01213 -1.04853 0.255764 4.48443 -4.67269 -0.226556 8.36454 -0.964935
0.0291146 1.02337 -1.06025 0.254901 4.50565 -4.69962 -0.386897 8.59272 -1.07538
0.0297505 1.03466 -1.07203 0.253827 4.52714 -4.72669 -0.386897 8.59272 -1.07538
0.0303823 1.04601 -1.08388 0.251609 4.54912 -4.75366 -1.28881 8.9865 -0.964935
0.0310068 1.05741 -1.0958 0.248039 4.57152 -4.78012 -1.44915 8.94207 -0.64365
0.0316222 1.06886 -1.10778 0.244248 4.59385 -4.8062 -1.44915 8.94207 -0.64365
0.0322273 1.08038 -1.11983 0.239854 4.61643 -4.83224 -1.91815 9.15087 -0.595256
0.0328204 1.09195 -1.13194 0.234587 4.63952 -4.85799 -2.12359 9.35331 -0.367846
0.0333998 1.10357 -1.14412 0.228932 4.66333 -4.88307 -2.19374 9.74405 -0.0380271
0.0339645 1.11526 -1.15636 0.222885 4.68826 -4.90743 -2.39416 10.2585 0.233057
0.0345133 1.12702 -1.16866 0.216099 4.71402 -4.93121 -2.74491 10.42 0.474021
0.0350439 1.13883 -1.18101 0.208383 4.7403 -4.95463 -3.10567 10.6926 0.584463
0.0355543 1.15072 -1.19343 0.199981 4.76725 -4.97762 -3.25599 10.9652 0.865587
0.0360432 1.16267 -1.2059 0.191103 4.79509 -5.00033 -3.45141 11.4044 0.860567
0.0365091 1.1747 -1.21843 0.181646 4.82375 -5.0228 -3.68691 11.6417 1.09651
0.036951 1.18679 -1.23101 0.171846 4.85281 -5.04463 -3.68691 11.7225 1.4178
0.0373683 1.19896 -1.24365 0.162018 4.88172 -5.06604 -3.68691 11.5206 1.45796
0.0377613 1.2112 -1.25634 0.152335 4.91029 -5.08752 -3.57668 11.4499 1.37764
0.0381301 1.22351 -1.26909 0.142735 4.93842 -5.10938 -3.64682 11.1672 1.17683
0.0384752 1.23589 -1.28189 0.133321 4.96626 -5.13165 -3.45642 11.2076 1.05635
0.0387972 1.24834 -1.29475 0.12429 4.99372 -5.15435 -3.37725 10.8552 0.826431
0.0390973 1.26086 -1.30766 0.115782 5.02081 -5.17728 -3.06659 10.8956 0.866591
0.0393772 1.27345 -1.32063 0.108129 5.04791 -5.20006 -2.70582 10.8552 0.906752
0.0396393 1.2861 -1.33366 0.101594 5.07503 -5.22299 -2.19474 10.8956 0.705949
0.0398864 1.29882 -1.34675 0.0960428 5.10196 -5.24656 -1.96425 10.6936 0.354543
0.0401203 1.31161 -1.3599 0.0910961 5.12859 -5.27103 -1.76382 10.6533 -0.0370231
0.0403426 1.32446 -1.37311 0.0867447 5.15513 -5.29636 -1.53333 10.6129 -0.365939
0.0405549 1.33738 -1.38638 0.0831324 5.18173 -5.3226 -1.21365 10.6947 -0.800778
0.0407592 1.35037 -1.39972 0.0802518 5.20897 -5.34963 -0.976149 11.1217 -1.02698
0.0409572 1.36343 -1.41313 0.0782081 5.23701 -5.37695 -0.552249 11.3307 -1.07186
0.0411508 1.37656 -1.42661 0.076661 5.26532 -5.40459 -0.592334 11.3307 -1.31283
0.0413413 1.38975 -1.44015 0.0757337 5.29239 -5.4325 -0.0812476 10.3413 -1.31283
0.0415303 1.40302 -1.45377 0.0754707 5.31824 -5.46039 -0.0812476 10.3413 -1.31283
0.041719 1.41635 -1.46745 0.0754827 5.34363 -5.48821 0.12018 9.97536 -1.26855
0.0419088 1.42973 -1.48121 0.076313 5.36792 -5.51565 0.55771 9.4564 -1.02759
0.0421013 1.44318 -1.49503 0.0777117 5.39156 -5.54278 0.557109 9.45579 -1.02698
0.0422973 1.45669 -1.50892 0.0791358 5.4149 -5.56963 0.55771 9.22417 -0.796662
0.0424977 1.47026 -1.52288 0.0811253 5.43701 -5.59624 0.988626 8.46692 -0.836822
0.0427037 1.48388 -1.5369 0.0836859 5.45817 -5.62289 0.988626 8.46692 -0.836822
0.0429163 1.49755 -1.55099 0.0864234 5.47848 -5.64946 1.10968 7.80135 -0.757304
0.043136 1.51127 -1.56515 0.0893316 5.49756 -5.67594 1.10968 7.47825 -0.757304
0.0433631 1.52503 -1.57937 0.092308 5.51623 -5.70223 1.14977 7.47825 -0.596662
0.0435983 1.53885 -1.59366 0.0958398 5.53529 -5.72808 1.5392 7.79993 -0.404493
0.0438429 1.55271 -1.60801 0.0998774 5.55475 -5.75371 1.5406 7.80135 -0.405899
0.0440974 1.56662 -1.62243 0.103751 5.5754 -5.77932 1.39028 8.75044 -0.365738
0.0443616 1.58059 -1.63691 0.107596 5.59767 -5.80481 1.50051 9.10382 -0.285417
0.0446356 1.59461 -1.65145 0.111587 5.62074 -5.83016 1.50242 9.38844 -0.247164
0.0449197 1.60869 -1.66606 0.115682 5.64436 -5.85543 1.58359 9.5409 -0.200678
0.0452144 1.62284 -1.68073 0.120074 5.66847 -5.88065 1.74393 9.78322 -0.200678
0.0455204 1.63704 -1.69546 0.124706 5.69308 -5.90588 1.78372 9.94447 -0.20369
0.045838 1.6513 -1.71026 0.129378 5.71829 -5.93113 1.78402 10.2565 -0.200678
0.0461672 1.66563 -1.72512 0.134038 5.74389 -5.95638 1.78402 10.2565 -0.200678
0.0465081 1.68002 -1.74004 0.138633 5.77009 -5.9814 1.74393 10.731 0.000125503
0.0468601 1.69448 -1.75503 0.14297 5.7971 -6.00566 1.5865 10.8915 0.430848
0.0472222 1.70901 -1.77007 0.146754 5.82331 -6.03012 1.31692 10.0939 -0.161521
0.0475933 1.7236 -1.78518 0.150126 5.84882 -6.05545 1.26982 10.3362 -0.245055
0.0479725 1.73825 -1.80035 0.153228 5.87399 -6.08123 1.10828 9.81927 -0.514935
0.0483825 1.75298 -1.81558 0.174758 5.91119 -6.10343 15.9719 19.9987 2.75013
0.04885 1.76782 -1.83087 0.199225 5.95693 -6.1262 3.43442 16.6668 -0.877585
0.0493544 1.78276 -1.84621 0.204334 5.99406 -6.15221 0.518226 13.0623 0.0694026
0.049868 1.79778 -1.86163 0.206533 6.02545 -6.17839 1.11239 12.0718 -1.07126
0.0503871 1.81288 -1.87711 0.208778 6.05177 -6.20642 0.561218 9.02577 -1.47287
0.0509109 1.82804 -1.89266 0.210186 6.07547 -6.23471 0.440962 9.97486 -1.31222
0.0514367 1.84325 -1.90828 0.21052 6.09889 -6.26422 -0.305725 8.79658 -2.4568
0.051961 1.85853 -1.92398 0.208919 6.11909 -6.29481 -1.09741 7.40223 -2.21584
0.0524833 1.87385 -1.93976 0.20887 6.14058 -6.32348 0.921984 9.82341 -0.920658
0.0530077 1.88923 -1.9556 0.210668 6.16378 -6.34969 0.370813 8.75316 -0.247967
0.0535343 1.90467 -1.97151 0.210643 6.1887 -6.37705 -0.547238 11.2045 -1.82036
0.0540618 1.92018 -1.98748 0.211336 6.2147 -6.40403 0.949142 9.61855 0.0694026
0.0545913 1.93574 -2.00352 0.212266 6.2367 -6.42584 -0.306727 7.95865 2.27824
0.0551204 1.95136 -2.01961 0.211016 6.25737 -6.44779 -0.777728 8.55133 -0.0410392
0.0556467 1.96703 -2.03576 0.210036 6.27905 -6.47325 -0.106301 8.79668 -0.515136
0.0561716 1.98275 -2.05198 0.209898 6.30103 -6.49915 -0.106301 8.79668 -0.404694
0.0566986 1.99854 -2.06826 0.211649 6.32661 -6.52453 1.39509 11.6791 -0.0811998
0.0572322 2.01439 -2.0846 0.215288 6.35579 -6.54953 1.39509 11.6791 -0.0811998
0.0577712 2.03031 -2.10101 0.21584 6.38122 -6.57468 -1.05832 8.67047 -0.201682
0.0583094 2.04629 -2.11747 0.214787 6.40274 -6.59995 0.124189 8.55133 -0.201682
0.0588469 2.06233 -2.134 0.215214 6.42411 -6.62522 0.124189 8.55133 -0.201682
0.0593867 2.07842 -2.1506 0.216607 6.4489 -6.64987 0.883001 11.2853 0.310366
0.0599312 2.09457 -2.16725 0.218961 6.47711 -6.67391 0.883001 11.2853 0.310366
0.0604801 2.1108 -2.18397 0.220154 6.50419 -6.69771 -0.0361518 10.3766 0.51117
0.0610307 2.12709 -2.20074 0.220382 6.5284 -6.72159 0.124189 8.98549 0.230045
0.0615822 2.14344 -2.21758 0.220804 6.55087 -6.74581 0.124189 8.98549 0.230045
0.0621358 2.15985 -2.23447 0.222049 6.5768 -6.77014 0.766754 11.7599 0.149724
0.062693 2.17633 -2.25143 0.223709 6.6051 -6.7946 0.446073 10.8915 0.149724
0.0632538 2.19287 -2.26844 0.224948 6.63233 -6.81889 0.437855 10.8895 0.268198
0.0638172 2.20949 -2.28552 0.225729 6.65712 -6.84366 0.0841037 8.94914 -0.246059
0.0643819 2.22616 -2.30266 0.226068 6.67949 -6.86904 0.0841037 8.94914 -0.246059
0.0649474 2.24289 -2.31987 0.22637 6.70338 -6.89433 0.0440185 10.1747 -0.161521
0.0655139 2.25968 -2.33713 0.2268 6.7292 -6.91953 0.174496 10.4877 -0.161521
0.0660812 2.27653 -2.35447 0.227047 6.75439 -6.94498 -0.106301 9.66499 -0.366541
0.0666486 2.29345 -2.37186 0.226893 6.77804 -6.97106 -0.146386 9.26516 -0.677786
0.0672164 2.31042 -2.38932 0.227293 6.80182 -6.99782 0.328824 9.7811 -0.91875
0.0677865 2.32746 -2.40685 0.228788 6.82733 -7.02488 0.719654 10.6492 -0.91875
0.0683608 2.34456 -2.42445 0.230676 6.85437 -7.05158 0.639484 11.0026 -0.637626
0.0689388 2.36173 -2.44211 0.231702 6.88023 -7.07744 0.0440185 9.70033 -0.246059
0.0695179 2.37896 -2.45983 0.231577 6.90374 -7.1028 -0.266642 9.10564 -0.246059
0.0700965 2.39625 -2.47762 0.231357 6.92718 -7.1283 -0.0361518 9.65792 -0.366541
0.070676 2.4136 -2.49547 0.232184 6.95227 -7.15392 0.559314 10.417 -0.326381
0.0712585 2.43101 -2.51339 0.233813 6.97863 -7.17977 0.597194 10.6876 -0.555095
0.0718446 2.44849 -2.53137 0.235055 7.00453 -7.20601 0.249756 10.0545 -0.63873
0.0724327 2.46603 -2.54942 0.235446 7.02872 -7.23244 -0.0772391 9.30868 -0.719051
0.0730215 2.48363 -2.56754 0.235626 7.05228 -7.25877 0.0831016 9.54494 -0.558409
0.0736116 2.50129 -2.58571 0.236418 7.07642 -7.2847 0.410096 9.78222 -0.407806
0.0742042 2.51901 -2.60396 0.237711 7.10155 -7.3103 0.480246 10.3372 -0.287324
0.0748 2.5368 -2.62227 0.238909 7.12723 -7.33585 0.329926 10.2161 -0.367646
0.0753982 2.55465 -2.64064 0.239661 7.15232 -7.36165 0.126193 9.8637 -0.484814
0.0759981 2.57256 -2.65907 0.240209 7.17666 -7.38763 0.168483 9.61956 -0.517144
0.0765994 2.59053 -2.67758 0.24086 7.2011 -7.41341 0.208568 9.94265 -0.326381
0.0772025 2.60857 -2.69614 0.24162 7.22649 -7.43865 0.252662 10.3766 -0.0811998
0.0778076 2.62667 -2.71477 0.242483 7.25222 -7.46399 0.288739 10.2151 -0.406702
0.0784148 2.64483 -2.73346 0.243241 7.27705 -7.49008 0.168483 9.65994 -0.677786
0.0790236 2.66305 -2.75222 0.243846 7.30118 -7.5165 0.168483 9.65994 -0.677786
0.079634 2.68134 -2.77104 0.244462 7.32621 -7.54259 0.172592 10.3776 -0.410818
0.080246 2.69968 -2.78993 0.245087 7.35214 -7.56835 0.172592 10.3776 -0.410818
0.0808596 2.7181 -2.80888 0.245854 7.37803 -7.59376 0.288839 10.3372 -0.120356
0.0814752 2.73657 -2.8279 0.246615 7.40297 -7.61939 0.172592 9.6237 -0.601581
0.0820925 2.75511 -2.84698 0.247228 7.42701 -7.64562 0.172592 9.6237 -0.601581
0.0827114 2.77371 -2.86613 0.247842 7.45126 -7.67166 0.172592 9.78524 -0.450979
0.0833318 2.79237 -2.88534 0.248508 7.4763 -7.69741 0.212677 10.2565 -0.370658
0.083954 2.81109 -2.90462 0.249219 7.50187 -7.7231 0.206364 10.213 -0.404493
0.0845779 2.82988 -2.92396 0.249921 7.52701 -7.74884 0.210673 9.90438 -0.40881
0.0852036 2.84872 -2.94336 0.250623 7.55176 -7.77457 0.210673 9.90438 -0.40881
0.0858312 2.86763 -2.96283 0.251476 7.577 -7.8002 0.330928 10.2968 -0.328489
0.0864611 2.88661 -2.98236 0.25248 7.60273 -7.82571 0.330928 10.2968 -0.328489
0.0870929 2.90565 -3.00196 0.252964 7.62702 -7.85112 -0.0772391 9.14713 -0.248168
0.0877258 2.92474 -3.02162 0.253351 7.65137 -7.87643 0.252762 10.3372 -0.250176
0.0883602 2.94391 -3.04134 0.254153 7.67721 -7.90172 0.246449 10.3342 -0.24385
0.0889967 2.96313 -3.06113 0.255008 7.70328 -7.92712 0.292847 10.5291 -0.330497
0.0896353 2.98242 -3.08098 0.255923 7.72959 -7.95262 0.292847 10.5291 -0.330497
0.0902767 3.00178 -3.10089 0.257176 7.75551 -7.97851 0.563422 10.2161 -0.641742
0.090921 3.0212 -3.12087 0.258279 7.78098 -8.0046 0.172592 10.1757 -0.49114
0.0915677 3.04068 -3.14091 0.259085 7.80562 -8.03054 0.332932 9.54292 -0.52126
0.0922169 3.06023 -3.16102 0.260236 7.83055 -8.05703 0.443167 10.418 -0.922866
0.0928687 3.07984 -3.1812 0.261192 7.85608 -8.08372 0.172592 10.0175 -0.681903
0.0935227 3.09951 -3.20144 0.262003 7.88111 -8.10996 0.332932 10.0175 -0.561421
0.0941787 3.11924 -3.22175 0.262809 7.9059 -8.13571 0.172592 9.82563 -0.290336
0.0948364 3.13904 -3.24212 0.263411 7.9307 -8.16086 0.172592 10.0175 -0.0801958
0.0954956 3.15889 -3.26255 0.263951 7.95544 -8.18576 0.123187 9.78322 -0.0801958
0.0961561 3.17881 -3.28305 0.26443 7.9799 -8.21065 0.123187 9.78322 -0.0801958
0.0968176 3.19879 -3.3036 0.264762 8.0044 -8.23581 0.00293123 9.82563 -0.29134
0.0974802 3.21884 -3.32423 0.265303 8.029 -8.26127 0.286534 9.85966 -0.324172
0.0981445 3.23894 -3.34491 0.266112 8.05388 -8.28717 0.213679 10.0545 -0.642746
0.0988108 3.25911 -3.36566 0.266987 8.0791 -8.31368 0.333935 10.1353 -0.803389
0.0994795 3.27934 -3.38648 0.267966 8.10486 -8.34039 0.293849 10.4887 -0.803389
0.100151 3.29963 -3.40736 0.268892 8.13063 -8.367 0.293849 10.1353 -0.723067
0.100824 3.31999 -3.42831 0.269703 8.15551 -8.39316 0.210673 9.78322 -0.448971
0.101499 3.34041 -3.44933 0.270294 8.17996 -8.41878 0.123187 9.78322 -0.288328
0.102175 3.36089 -3.47041 0.270937 8.20479 -8.44409 0.250457 10.0919 -0.20369
0.102854 3.38143 -3.49155 0.271894 8.23027 -8.4693 0.371013 10.2968 -0.200678
0.103535 3.40204 -3.51275 0.272907 8.25605 -8.49481 0.290843 10.3372 -0.448971
0.104218 3.42271 -3.53402 0.273669 8.28124 -8.52064 0.170587 9.82361 -0.448971
0.104903 3.44344 -3.55536 0.274169 8.30554 -8.54664 0.0831016 9.62572 -0.599573
0.105589 3.46424 -3.57676 0.274778 8.32999 -8.57314 0.250758 9.94477 -0.840537
0.106277 3.4851 -3.59822 0.275604 8.35483 -8.59993 0.250758 9.94477 -0.840537
0.106967 3.50601 -3.61976 0.276426 8.37976 -8.62652 0.246449 10.0111 -0.675577
0.107659 3.52699 -3.64136 0.277297 8.40459 -8.65262 0.290843 9.864 -0.448971
0.108354 3.54804 -3.66302 0.27812 8.42918 -8.67839 0.210673 9.82361 -0.40881
0.10905 3.56914 -3.68475 0.278799 8.45412 -8.70435 0.170587 10.1353 -0.599573
0.109747 3.59031 -3.70654 0.279431 8.47945 -8.73055 0.170587 10.1353 -0.599573
0.110447 3.61154 -3.7284 0.280061 8.50482 -8.75715 0.167481 10.1747 -0.917746
0.111148 3.63283 -3.75033 0.280735 8.52995 -8.78374 0.207566 9.94164 -0.596461
0.111851 3.65419 -3.77232 0.281502 8.55468 -8.80969 0.246449 9.85966 -0.404493
0.112555 3.6756 -3.79438 0.282271 8.57981 -8.83551 0.207566 10.2554 -0.486019
0.113262 3.69709 -3.8165 0.282997 8.60544 -8.86143 0.207566 10.2554 -0.486019
0.11397 3.71863 -3.83868 0.28382 8.63062 -8.88749 0.287736 9.90125 -0.596461
0.114681 3.74024 -3.86093 0.284741 8.65536 -8.91369 0.287736 9.90125 -0.596461
0.115394 3.76191 -3.88325 0.285567 8.68024 -8.93989 0.209671 10.0144 -0.598569
0.116109 3.78364 -3.90563 0.286248 8.70521 -8.96619 0.169585 9.97405 -0.678891
0.116825 3.80543 -3.92808 0.286929 8.73009 -8.99244 0.209671 9.94376 -0.558409
0.117543 3.82729 -3.9506 0.28761 8.75494 -9.0183 0.169585 9.94376 -0.367646
0.118263 3.84921 -3.97317 0.288241 8.77968 -9.04397 0.169585 9.86299 -0.407806
0.118985 3.87119 -3.99582 0.288975 8.80467 -9.06959 0.249756 10.1353 -0.327485
0.119708 3.89323 -4.01852 0.289759 8.8299 -9.09511 0.208568 10.0535 -0.326381
0.120434 3.91534 -4.04129 0.290492 8.85488 -9.12073 0.208568 9.94265 -0.406702
0.121161 3.93751 -4.06413 0.291174 8.87967 -9.14654 0.168483 9.90226 -0.487023
0.121889 3.95974 -4.08702 0.291806 8.90437 -9.17241 0.168483 9.86188 -0.446862
0.12262 3.98203 -4.10999 0.292543 8.9293 -9.19827 0.248653 10.0939 -0.487023
0.123352 4.00438 -4.13302 0.293383 8.95447 -9.22409 0.248653 10.0535 -0.406702
0.124087 4.0268 -4.15611 0.294272 8.9794 -9.24994 0.288739 9.90226 -0.517144
0.124823 4.04928 -4.17927 0.295006 9.0041 -9.2759 0.124189 9.8639 -0.486019
0.125562 4.07182 -4.20249 0.295534 9.02874 -9.30181 0.124189 9.8639 -0.486019
0.126301 4.09442 -4.22577 0.296169 9.05358 -9.32767 0.207566 10.0123 -0.445858
0.127043 4.11709 -4.24913 0.29691 9.0788 -9.35334 0.206364 10.1727 -0.324172
0.127786 4.13982 -4.27254 0.297651 9.10417 -9.379 0.207566 10.1343 -0.445858
0.128531 4.16261 -4.29602 0.298442 9.12929 -9.40482 0.247651 9.97193 -0.445858
0.129278 4.18546 -4.31957 0.299288 9.15431 -9.43078 0.25176 10.0545 -0.560417
0.130027 4.20838 -4.34317 0.30009 9.17929 -9.4568 0.211675 9.94578 -0.490136
0.130778 4.23136 -4.36685 0.300892 9.20433 -9.48277 0.25176 10.0949 -0.520256
0.131532 4.2544 -4.39059 0.301697 9.22955 -9.50898 0.211675 10.0949 -0.680899
0.132287 4.27751 -4.41439 0.302451 9.25448 -9.53524 0.211675 9.86501 -0.560417
0.133044 4.30068 -4.43826 0.303203 9.27913 -9.56144 0.211675 9.86501 -0.640738
0.133803 4.3239 -4.4622 0.303958 9.30397 -9.58757 0.211675 10.0165 -0.490136
0.134564 4.3472 -4.4862 0.304714 9.32899 -9.6135 0.211675 10.0165 -0.490136
0.135326 4.37055 -4.51027 0.305474 9.35422 -9.63938 0.211675 10.1757 -0.449975
0.136091 4.39397 -4.5344 0.306184 9.37945 -9.66521 0.17159 10.0165 -0.449975
0.136857 4.41745 -4.55859 0.306844 9.40448 -9.69099 0.17159 10.0165 -0.409814
0.137625 4.44099 -4.58285 0.307548 9.42941 -9.71676 0.206364 9.94043 -0.444654
0.138395 4.46459 -4.60718 0.308304 9.45439 -9.74259 0.211675 10.0545 -0.449975
0.139167 4.48826 -4.63157 0.309068 9.47938 -9.7686 0.211675 9.94578 -0.600577
0.13994 4.51199 -4.65602 0.309829 9.50417 -9.79475 0.208568 9.90226 -0.557304
0.140716 4.53578 -4.68054 0.310587 9.52891 -9.82079 0.208568 9.90226 -0.517144
0.141493 4.55964 -4.70513 0.311346 9.55384 -9.84664 0.208568 10.0535 -0.406702
0.142273 4.58355 -4.72977 0.312057 9.57882 -9.8725 0.168483 9.94265 -0.517144
0.143054 4.60753 -4.75449 0.312816 9.60385 -9.89825 0.246449 10.0919 -0.324172
0.143837 4.63157 -4.77927 0.313626 9.62888 -9.92397 0.208568 9.94265 -0.487023
0.144622 4.65567 -4.80411 0.314389 9.65377 -9.94992 0.208568 9.97294 -0.517144
0.145409 4.67984 -4.82901 0.315102 9.67864 -9.97588 0.167481 9.94164 -0.486019
0.146197 4.70407 -4.85399 0.315763 9.70349 -10.0018 0.167481 9.94164 -0.486019
0.146988 4.72836 -4.87902 0.316478 9.72852 -10.0277 0.207566 10.0939 -0.445858
0.14778 4.75271 -4.90413 0.317246 9.75374 -10.0535 0.207566 10.0939 -0.445858
0.148575 4.77712 -4.92929 0.318647 9.77815 -10.0798 0.718652 9.457 -0.837425
0.149373 4.8016 -4.95452 0.319786 9.80164 -10.1059 0.00393336 9.35099 -0.285216
0.150173 4.82613 -4.97982 0.32018 9.82506 -10.1313 0.124189 9.38935 -0.325377
0.150974 4.85073 -5.00518 0.320837 9.84911 -10.1567 0.207566 9.86087 -0.245055
0.151777 4.87538 -5.0306 0.321609 9.87394 -10.1824 0.207566 10.0123 -0.486019
0.152582 4.9001 -5.05609 0.322281 9.89891 -10.2084 0.124189 9.97496 -0.5563
0.153388 4.92487 -5.08165 0.322913 9.92468 -10.2344 0.167481 10.6492 -0.51614
0.154196 4.94972 -5.10726 0.323554 9.95114 -10.2606 0.124189 10.5281 -0.636621
0.155006 4.97463 -5.13295 0.324133 9.97666 -10.2867 0.124189 9.90428 -0.5563
0.155817 4.9996 -5.1587 0.324909 10.0009 -10.3128 0.291845 9.46114 -0.560417
0.156631 5.02463 -5.18451 0.325946 10.0252 -10.3387 0.33193 10.0165 -0.409814
0.157447 5.04973 -5.21039 0.326894 10.0506 -10.3646 0.211675 10.2968 -0.490136
0.158265 5.07489 -5.23634 0.327584 10.0761 -10.3907 0.123187 10.1757 -0.640738
0.159085 5.10011 -5.26235 0.32811 10.1011 -10.4172 0.0831016 9.78726 -0.801381
0.159905 5.12539 -5.28842 0.328581 10.1249 -10.4439 0.086108 9.31242 -0.796059
0.160727 5.15073 -5.31456 0.328901 10.1488 -10.47 -0.0371539 9.81957 -0.329493
0.16155 5.17614 -5.34077 0.329388 10.174 -10.4954 0.209671 10.3372 -0.247164
0.162375 5.2016 -5.36704 0.330145 10.2003 -10.5208 0.169585 10.731 -0.287324
0.163201 5.22714 -5.39338 0.330791 10.2264 -10.5464 0.123187 10.1353 -0.407806
0.164028 5.25274 -5.41977 0.331164 10.2511 -10.5721 -0.0371539 9.61764 -0.407806
0.164856 5.27839 -5.44624 0.331329 10.2751 -10.5975 -0.0371539 9.57725 -0.120356
0.165685 5.30411 -5.47276 0.331861 10.2996 -10.6226 0.250758 10.0545 -0.200678
0.166516 5.32989 -5.49935 0.332766 10.3254 -10.6481 0.249756 10.5695 -0.447967
0.167349 5.35574 -5.526 0.333408 10.3507 -10.674 0.0430164 9.70043 -0.488128
0.168183 5.38164 -5.55272 0.333879 10.375 -10.6996 0.123187 9.70245 -0.247164
0.169018 5.40761 -5.5795 0.334515 10.3996 -10.7253 0.169585 10.0545 -0.518248
0.169856 5.43364 -5.60635 0.335217 10.4248 -10.7513 0.169585 10.0545 -0.518248
0.170695 5.45974 -5.63326 0.336073 10.45 -10.7777 0.289841 10.1353 -0.799372
0.171536 5.48589 -5.66023 0.336815 10.4747 -10.8043 0.0831016 9.6661 -0.678891
0.172378 5.51211 -5.68728 0.337294 10.4989 -10.8306 0.0831016 9.6661 -0.598569
0.173223 5.53839 -5.71439 0.33804 10.5236 -10.8571 0.289841 10.1353 -0.879694
0.174069 5.56473 -5.74156 0.33905 10.5489 -10.8841 0.289841 10.1353 -0.879694
0.174918 5.59113 -5.76881 0.340213 10.5744 -10.9108 0.410096 10.2968 -0.759212
0.17577 5.6176 -5.79612 0.341221 10.5995 -10.9371 0.169585 9.78222 -0.488128
0.176624 5.64413 -5.82349 0.341922 10.6239 -10.963 0.169585 9.78222 -0.488128
0.177479 5.67072 -5.85093 0.342622 10.6485 -10.9891 0.167481 9.86087 -0.5563
0.178337 5.69737 -5.87844 0.343321 10.6731 -11.0152 0.167481 9.86087 -0.5563
0.179196 5.72409 -5.90601 0.344125 10.6981 -11.0414 0.247651 10.1343 -0.596461
0.180058 5.75086 -5.93365 0.34498 10.7232 -11.0675 0.207566 9.97193 -0.51614
0.180921 5.7777 -5.96135 0.345783 10.7481 -11.0935 0.207566 9.97193 -0.51614
0.181786 5.8046 -5.98911 0.346481 10.7729 -11.1195 0.124189 9.8639 -0.5563
