0.000000
0.000000
0.000000
0.000000
0.000000
0.000000
0.000000
0.000000
0.000000
0.000000
0.000000
0.000000
0.000000
0.000000
0.000000
0.000000
0.000000
0.000000
0.000000
0.000000
0.000000
0.000000
0.000000
0.000000
0.000000
0.000000
0.000000
0.000000
0.000000
0.000000
0.000000
0.000000
0.000000
0.000000
0.000000
0.000000
0.594000
0.000000
0.000000
0.000000
0.000000
0.000000
0.000000
0.000000
0.000000
0.000000
2.038000
1.812000
2.040000
1.747000
1.781000
1.574000
1.746000
1.778000
2.057000
2.907000
1.769000
1.678000
2.086000
2.985000
2.534000
2.813000
2.660000
2.932000
2.689000
2.485000
3.109000
2.476000
2.453000
2.331000
2.295000
2.131000
1.655000
1.992000
1.722000
1.680000
1.849000
1.848000
2.137000
1.665000
1.973000
1.567000
1.403000
1.640000
1.592000
1.874000
1.578000
1.351000
0.000000
0.000000
0.000000
0.000000
0.000000
0.000000
0.000000
0.000000
0.000000
0.000000
1.824000
2.127000
2.117000
1.491000
1.544000
1.544000
1.517000
1.337000
1.362000
1.189000
0.000000
0.000000
0.000000
0.000000
0.000000
0.000000
0.000000
0.000000
0.000000
0.000000
0.000000
0.000000
0.000000
0.000000
0.000000
0.000000
0.000000
0.000000
2.125000
3.107000
2.813000
2.588000
2.744000
2.605000
3.045000
2.527000
2.663000
3.269000
3.675000
3.773000
3.499000
6.483000
3.925000
5.801000
5.378000
3.803000
5.792000
5.600000
5.670000
5.631000
5.810000
4.838000
5.396000
4.307000
4.479000
4.116000
5.663000
4.268000
4.169000
3.793000
3.943000
2.692000
3.266000
3.193000
2.844000
3.469000
2.681000
4.096000
2.540000
3.998000
3.812000
3.801000
3.866000
3.704000
0.000000
0.000000
0.000000
0.000000
0.000000
0.000000
0.000000
0.000000
0.000000
0.000000
0.000000
0.000000
0.000000
0.000000
0.000000
0.000000
0.000000
0.000000
0.000000
0.000000
0.000000
0.000000
0.000000
0.000000
0.000000
3.537000
4.521000
2.714000
3.430000
5.546000
3.417000
3.304000
3.718000
3.285000
2.771000
3.385000
3.550000
3.975000
4.164000
5.077000
4.722000
4.730000
4.958000
4.582000
5.581000
4.482000
4.403000
4.425000
4.406000
4.900000
4.481000
4.211000
3.927000
3.748000
5.354000
3.455000
4.756000
4.920000
4.466000
4.394000
4.013000
5.605000
5.013000
4.096000
7.879000
4.305000
4.527000
6.711000
4.804000
5.655000
3.955000
4.224000
4.342000
3.887000
4.343000
3.550000
3.525000
4.247000
4.604000
3.013000
3.910000
3.445000
3.537000
3.092000
3.580000
4.564000
3.768000
3.517000
2.797000
3.602000
3.959000
3.064000
3.169000
2.927000
3.707000
2.373000
3.127000
3.157000
2.877000
3.596000
3.371000
3.255000
3.661000
3.096000
3.336000
2.750000
2.946000
2.792000
2.803000
3.075000
2.839000
3.113000
3.526000
3.021000
3.175000
2.897000
3.950000
3.372000
3.253000
3.576000
3.222000
3.291000
3.550000
3.724000
3.641000
4.740000
5.558000
4.646000
5.224000
5.375000
4.957000
4.656000
4.658000
5.773000
4.841000
5.125000
0.000000
0.000000
0.000000
0.000000
0.000000
0.000000
0.000000
0.000000
0.000000
0.000000
0.000000
0.000000
0.000000
0.000000
0.000000
0.000000
0.000000
0.000000
0.000000
0.000000
0.000000
0.000000
0.000000
0.000000
0.000000
0.000000
0.000000
0.000000
0.000000
0.000000
